0.08333333333333333 0.0 0.0 0.375 0.16666666666666666 0.8333333333333334 0.7083333333333334 0.6666666666666666 0.4166666666666667 0.9166666666666666 0.7083333333333334 0.25 0.2916666666666667 0.125 0.5416666666666666 0.375 0.4036458333333333 
0.08333333333333333 0.25 0.0 0.25 0.041666666666666664 0.9166666666666666 0.7083333333333334 0.6666666666666666 0.7083333333333334 0.9166666666666666 0.5416666666666666 0.25 0.0 0.125 0.5 0.25 0.3880208333333333 
0.08333333333333333 0.16666666666666666 0.125 0.25 0.041666666666666664 0.875 0.7083333333333334 0.7083333333333334 0.5 0.875 0.7916666666666666 0.5 0.16666666666666666 0.0 0.4166666666666667 0.375 0.4114583333333333 
0.125 0.041666666666666664 0.0 0.25 0.20833333333333334 0.9166666666666666 0.5 0.625 0.5 0.9583333333333334 0.5833333333333334 0.25 0.125 0.25 0.5 0.25 0.3802083333333333 
0.0 0.25 0.0 0.25 0.4166666666666667 0.8333333333333334 0.625 0.75 0.7916666666666666 0.875 0.5833333333333334 0.5416666666666666 0.0 0.16666666666666666 0.5416666666666666 0.25 0.4296875 
0.041666666666666664 0.0 0.0 0.25 0.16666666666666666 0.8333333333333334 0.5833333333333334 0.5416666666666666 0.4166666666666667 0.875 0.7916666666666666 0.25 0.2916666666666667 0.041666666666666664 0.5833333333333334 0.375 0.3776041666666667 
0.041666666666666664 0.0 0.0 0.2916666666666667 0.125 0.8333333333333334 0.5416666666666666 0.8333333333333334 0.3333333333333333 0.9166666666666666 0.7916666666666666 0.25 0.2916666666666667 0.125 0.6666666666666666 0.4583333333333333 0.40625 
0.08333333333333333 0.0 0.0 0.25 0.20833333333333334 0.8333333333333334 0.625 0.5416666666666666 0.4583333333333333 0.875 0.7083333333333334 0.25 0.2916666666666667 0.041666666666666664 0.625 0.375 0.3854166666666667 
0.041666666666666664 0.041666666666666664 0.0 0.25 0.125 0.8333333333333334 0.5416666666666666 0.5 0.5416666666666666 0.9166666666666666 0.4583333333333333 0.25 0.125 0.20833333333333334 0.4583333333333333 0.25 0.3463541666666667 
0.041666666666666664 0.041666666666666664 0.0 0.25 0.08333333333333333 0.9166666666666666 0.5 0.5833333333333334 0.5 0.9583333333333334 0.625 0.25 0.125 0.2916666666666667 0.5416666666666666 0.25 0.3723958333333333 
0.041666666666666664 0.125 0.0 0.25 0.16666666666666666 0.9166666666666666 0.5 0.5416666666666666 0.5416666666666666 0.9583333333333334 0.5 0.25 0.125 0.16666666666666666 0.5416666666666666 0.25 0.3671875 
0.125 0.08333333333333333 0.0 0.25 0.20833333333333334 0.875 0.6666666666666666 0.5416666666666666 0.6666666666666666 0.875 0.4583333333333333 0.5 0.125 0.041666666666666664 0.4583333333333333 0.3333333333333333 0.3880208333333333 
0.4166666666666667 0.16666666666666666 0.0 0.25 0.041666666666666664 0.875 0.7083333333333334 0.7083333333333334 0.4583333333333333 0.8333333333333334 0.8333333333333334 0.25 0.125 0.041666666666666664 0.4583333333333333 0.375 0.4088541666666667 
0.125 0.25 0.0 0.25 0.0 0.9166666666666666 0.7083333333333334 0.5833333333333334 0.7083333333333334 0.875 0.5833333333333334 0.375 0.041666666666666664 0.125 0.4166666666666667 0.2916666666666667 0.390625 
0.041666666666666664 0.041666666666666664 0.0 0.25 0.125 0.8333333333333334 0.5416666666666666 0.5416666666666666 0.5833333333333334 0.9166666666666666 0.5 0.25 0.125 0.16666666666666666 0.4583333333333333 0.25 0.3515625 
0.0 0.2916666666666667 0.041666666666666664 0.25 0.0 0.8333333333333334 0.6666666666666666 0.7083333333333334 0.6666666666666666 0.8333333333333334 0.6666666666666666 0.25 0.0 0.25 0.5416666666666666 0.25 0.390625 
0.041666666666666664 0.25 0.0 0.25 0.0 0.8333333333333334 0.625 0.8333333333333334 0.6666666666666666 0.8333333333333334 0.6666666666666666 0.3333333333333333 0.16666666666666666 0.20833333333333334 0.5416666666666666 0.25 0.40625 
