0.16666666666666666 0.041666666666666664 0.5833333333333334 0.2916666666666667 0.3333333333333333 0.4583333333333333 0.5416666666666666 0.25 0.08333333333333333 0.875 0.25 0.25 0.0 0.3333333333333333 0.041666666666666664 0.25 0.296875 
0.0 0.0 0.4583333333333333 0.4583333333333333 0.0 0.2916666666666667 0.8333333333333334 0.25 0.0 0.875 0.25 0.25 0.041666666666666664 0.25 0.0 0.25 0.2630208333333333 
0.0 0.0 0.5416666666666666 0.2916666666666667 0.08333333333333333 0.3333333333333333 0.4583333333333333 0.25 0.0 0.875 0.2916666666666667 0.25 0.0 0.2916666666666667 0.0 0.25 0.24479166666666666 
0.0 0.0 0.5416666666666666 0.4166666666666667 0.0 0.2916666666666667 0.7083333333333334 0.25 0.0 0.7916666666666666 0.3333333333333333 0.4166666666666667 0.041666666666666664 0.4583333333333333 0.0 0.25 0.28125 
0.0 0.041666666666666664 0.6666666666666666 0.25 0.0 0.5833333333333334 0.4583333333333333 0.25 0.0 0.9583333333333334 0.20833333333333334 0.2916666666666667 0.0 0.2916666666666667 0.0 0.25 0.265625 
0.0 0.0 0.5416666666666666 0.375 0.0 0.2916666666666667 0.8333333333333334 0.7916666666666666 0.0 0.6666666666666666 0.375 0.4166666666666667 0.0 0.4166666666666667 0.08333333333333333 0.25 0.3151041666666667 
0.125 0.0 0.4166666666666667 0.375 0.0 0.3333333333333333 0.6666666666666666 0.25 0.0 0.7916666666666666 0.3333333333333333 0.25 0.041666666666666664 0.4166666666666667 0.041666666666666664 0.25 0.2682291666666667 
0.0 0.0 0.5833333333333334 0.375 0.0 0.4583333333333333 0.625 0.25 0.16666666666666666 0.9166666666666666 0.125 0.25 0.08333333333333333 0.20833333333333334 0.0 0.25 0.2682291666666667 
0.0 0.0 0.5833333333333334 0.25 0.0 0.4166666666666667 0.4583333333333333 0.25 0.0 0.875 0.16666666666666666 0.25 0.0 0.2916666666666667 0.0 0.25 0.23697916666666666 
0.0 0.0 0.4583333333333333 0.5416666666666666 0.0 0.3333333333333333 0.8333333333333334 0.25 0.0 0.8333333333333334 0.2916666666666667 0.25 0.0 0.2916666666666667 0.0 0.25 0.2708333333333333 
0.08333333333333333 0.0 0.5416666666666666 0.75 0.0 0.3333333333333333 0.4583333333333333 0.4166666666666667 0.0 0.875 0.20833333333333334 0.25 0.0 0.3333333333333333 0.041666666666666664 0.25 0.2838541666666667 
