0.0 0.4166666666666667 0.125 0.2916666666666667 0.0 0.5416666666666666 0.4166666666666667 0.2916666666666667 0.0 0.5 0.5416666666666666 0.25 0.0 0.4583333333333333 0.75 0.25 0.3020833333333333 
0.0 0.4583333333333333 0.2916666666666667 0.25 0.0 0.5833333333333334 0.4166666666666667 0.25 0.0 0.5 0.5416666666666666 0.25 0.0 0.4166666666666667 0.75 0.25 0.3098958333333333 
0.0 0.375 0.3333333333333333 0.25 0.0 0.75 0.3333333333333333 0.25 0.0 0.7916666666666666 0.2916666666666667 0.25 0.5 1.0 0.041666666666666664 0.25 0.3385416666666667 
0.0 0.2916666666666667 0.2916666666666667 0.25 0.0 0.625 0.20833333333333334 0.25 0.0 0.7916666666666666 0.25 0.25 0.16666666666666666 1.0 0.08333333333333333 0.25 0.2942708333333333 
0.0 0.375 0.3333333333333333 0.25 0.0 0.7083333333333334 0.3333333333333333 0.25 0.0 0.7916666666666666 0.25 0.25 0.3333333333333333 1.0 0.041666666666666664 0.25 0.3229166666666667 
0.0 0.25 0.4583333333333333 0.25 0.0 0.625 0.5416666666666666 0.25 0.08333333333333333 0.8333333333333334 0.25 0.25 0.3333333333333333 1.0 0.08333333333333333 0.25 0.3411458333333333 
0.0 0.4583333333333333 0.125 0.25 0.0 0.7083333333333334 0.25 0.25 0.0 0.6666666666666666 0.25 0.25 0.08333333333333333 0.6666666666666666 0.25 0.25 0.2786458333333333 
0.0 0.7083333333333334 0.08333333333333333 0.4166666666666667 0.0 0.6666666666666666 0.3333333333333333 0.3333333333333333 0.0 0.5 0.5 0.25 0.0 0.4166666666666667 0.75 0.25 0.3255208333333333 
0.0 0.5 0.16666666666666666 0.25 0.0 0.7083333333333334 0.20833333333333334 0.25 0.125 0.75 0.4166666666666667 0.25 0.041666666666666664 0.6666666666666666 0.3333333333333333 0.25 0.3072916666666667 
0.0 0.5 0.125 0.25 0.125 0.5 0.5416666666666666 0.25 0.0 0.5 0.625 0.25 0.0 0.4583333333333333 0.75 0.25 0.3203125 
0.0 0.5416666666666666 0.16666666666666666 0.25 0.0 0.75 0.25 0.25 0.0 0.75 0.25 0.5 0.125 0.75 0.25 0.25 0.3177083333333333 
0.0 0.5416666666666666 0.125 0.25 0.0 0.7083333333333334 0.2916666666666667 0.25 0.0 0.75 0.25 0.25 0.041666666666666664 0.75 0.25 0.25 0.2942708333333333 
0.0 0.3333333333333333 0.2916666666666667 0.25 0.0 0.4583333333333333 0.4583333333333333 0.25 0.0 0.5833333333333334 0.5 0.25 0.08333333333333333 0.7083333333333334 0.2916666666666667 0.25 0.2942708333333333 
0.0 0.3333333333333333 0.4583333333333333 0.25 0.0 0.5833333333333334 0.625 0.25 0.0 0.7916666666666666 0.25 0.25 0.3333333333333333 1.0 0.125 0.25 0.34375 
