0.375 0.8333333333333334 0.6666666666666666 0.2916666666666667 0.9583333333333334 0.625 0.5833333333333334 0.375 0.75 0.75 0.5833333333333334 0.75 0.041666666666666664 0.375 0.4166666666666667 0.2916666666666667 0.5416666666666666 
0.375 0.6666666666666666 0.625 0.5833333333333334 0.875 0.7916666666666666 0.625 0.4166666666666667 0.7083333333333334 0.5416666666666666 0.7083333333333334 0.6666666666666666 0.041666666666666664 0.4166666666666667 0.2916666666666667 0.25 0.5364583333333334 
0.041666666666666664 0.5833333333333334 0.6666666666666666 0.625 0.5 0.875 0.625 0.5416666666666666 0.7083333333333334 0.5416666666666666 0.5416666666666666 0.75 0.125 0.4583333333333333 0.5833333333333334 0.375 0.5338541666666666 
0.375 0.75 0.625 0.25 1.0 0.5833333333333334 0.625 0.4166666666666667 0.625 0.625 0.5833333333333334 0.75 0.08333333333333333 0.4166666666666667 0.4166666666666667 0.2916666666666667 0.5260416666666666 
0.5416666666666666 0.7083333333333334 0.7083333333333334 0.4166666666666667 0.9583333333333334 0.6666666666666666 0.5833333333333334 0.3333333333333333 0.7083333333333334 0.5 0.75 0.7083333333333334 0.041666666666666664 0.2916666666666667 0.2916666666666667 0.2916666666666667 0.53125 
0.4166666666666667 0.7083333333333334 0.625 0.25 1.0 0.5833333333333334 0.5833333333333334 0.4166666666666667 0.6666666666666666 0.625 0.5833333333333334 0.75 0.041666666666666664 0.375 0.4583333333333333 0.2916666666666667 0.5234375 
0.16666666666666666 0.75 0.7083333333333334 0.4583333333333333 0.7916666666666666 0.7916666666666666 0.625 0.4583333333333333 0.9583333333333334 0.4583333333333333 0.6666666666666666 0.625 0.041666666666666664 0.4166666666666667 0.2916666666666667 0.25 0.5286458333333334 
0.20833333333333334 0.75 0.7083333333333334 0.4583333333333333 0.75 0.7083333333333334 0.5833333333333334 0.375 0.625 0.4583333333333333 0.5833333333333334 0.7083333333333334 0.041666666666666664 0.3333333333333333 0.2916666666666667 0.2916666666666667 0.4921875 
0.3333333333333333 0.75 0.7083333333333334 0.4166666666666667 0.75 0.6666666666666666 0.7083333333333334 0.5416666666666666 0.5 0.75 0.5416666666666666 0.7916666666666666 0.041666666666666664 0.25 0.3333333333333333 0.2916666666666667 0.5234375 
0.25 0.7083333333333334 0.75 0.4166666666666667 0.75 0.7083333333333334 0.7083333333333334 0.5416666666666666 0.375 0.75 0.5 1.0 0.0 0.25 0.2916666666666667 0.3333333333333333 0.5208333333333334 
0.25 0.7083333333333334 0.625 0.4583333333333333 0.6666666666666666 0.75 0.625 0.4583333333333333 0.75 0.4166666666666667 0.6666666666666666 0.625 0.041666666666666664 0.375 0.375 0.25 0.5026041666666666 
0.5 0.75 0.6666666666666666 0.2916666666666667 0.875 0.75 0.75 0.5833333333333334 0.4583333333333333 0.7916666666666666 0.4166666666666667 0.9583333333333334 0.0 0.2916666666666667 0.3333333333333333 0.375 0.5494791666666666 
0.6666666666666666 0.75 0.625 0.25 0.9583333333333334 0.8333333333333334 0.6666666666666666 0.5833333333333334 0.5416666666666666 0.7916666666666666 0.4583333333333333 0.9583333333333334 0.0 0.25 0.3333333333333333 0.3333333333333333 0.5625 
0.25 0.7916666666666666 0.6666666666666666 0.3333333333333333 0.75 0.75 0.6666666666666666 0.5833333333333334 0.4583333333333333 0.7916666666666666 0.5416666666666666 1.0 0.041666666666666664 0.25 0.2916666666666667 0.2916666666666667 0.5286458333333334 
0.125 0.625 0.6666666666666666 0.4583333333333333 0.6666666666666666 0.75 0.625 0.5 0.625 0.625 0.5416666666666666 0.75 0.041666666666666664 0.4583333333333333 0.4583333333333333 0.2916666666666667 0.5130208333333334 
0.25 0.6666666666666666 0.7083333333333334 0.4583333333333333 0.7916666666666666 0.75 0.625 0.375 0.7083333333333334 0.5 0.6666666666666666 0.75 0.041666666666666664 0.375 0.2916666666666667 0.2916666666666667 0.515625 
0.25 0.625 0.7083333333333334 0.375 0.75 0.6666666666666666 0.625 0.3333333333333333 0.6666666666666666 0.5 0.625 0.7083333333333334 0.041666666666666664 0.375 0.2916666666666667 0.2916666666666667 0.4895833333333333 
0.08333333333333333 0.5833333333333334 0.6666666666666666 0.4583333333333333 0.7916666666666666 0.7916666666666666 0.625 0.4166666666666667 0.9166666666666666 0.25 0.875 0.4583333333333333 0.2916666666666667 0.4166666666666667 0.2916666666666667 0.3333333333333333 0.515625 
0.20833333333333334 0.625 0.6666666666666666 0.5 0.6666666666666666 0.75 0.625 0.4166666666666667 0.6666666666666666 0.4166666666666667 0.5416666666666666 0.75 0.041666666666666664 0.3333333333333333 0.2916666666666667 0.2916666666666667 0.4869791666666667 
0.5 0.75 0.625 0.25 1.0 0.7916666666666666 0.7916666666666666 0.5833333333333334 0.9166666666666666 0.8333333333333334 0.4166666666666667 0.9583333333333334 0.08333333333333333 0.25 0.3333333333333333 0.3333333333333333 0.5885416666666666 
0.375 0.6666666666666666 0.5 0.25 0.9166666666666666 0.5833333333333334 0.5833333333333334 0.4583333333333333 0.7916666666666666 0.7083333333333334 0.5 0.8333333333333334 0.0 0.3333333333333333 0.2916666666666667 0.2916666666666667 0.5052083333333334 
0.375 0.7083333333333334 0.625 0.2916666666666667 0.7916666666666666 0.7916666666666666 0.6666666666666666 0.7083333333333334 0.4166666666666667 0.8333333333333334 0.4166666666666667 0.9583333333333334 0.0 0.25 0.375 0.375 0.5364583333333334 
0.3333333333333333 0.7083333333333334 0.75 0.375 0.625 0.8333333333333334 0.6666666666666666 0.5416666666666666 0.625 0.8333333333333334 0.4166666666666667 0.9166666666666666 0.0 0.25 0.2916666666666667 0.2916666666666667 0.5286458333333334 
0.20833333333333334 0.75 0.7083333333333334 0.4583333333333333 0.75 0.7083333333333334 0.5833333333333334 0.375 0.625 0.4583333333333333 0.5833333333333334 0.7083333333333334 0.041666666666666664 0.3333333333333333 0.2916666666666667 0.2916666666666667 0.4921875 
0.041666666666666664 0.5833333333333334 0.6666666666666666 0.625 0.5833333333333334 0.875 0.625 0.5416666666666666 0.7083333333333334 0.5 0.625 0.75 0.125 0.4583333333333333 0.4583333333333333 0.3333333333333333 0.53125 
0.20833333333333334 0.75 0.6666666666666666 0.375 0.75 0.75 0.6666666666666666 0.5 0.75 0.6666666666666666 0.625 0.75 0.041666666666666664 0.4166666666666667 0.4583333333333333 0.2916666666666667 0.5416666666666666 
0.375 0.7083333333333334 0.6666666666666666 0.375 0.75 0.7916666666666666 0.7083333333333334 0.5833333333333334 0.5 0.7083333333333334 0.5833333333333334 0.7083333333333334 0.0 0.20833333333333334 0.25 0.25 0.5104166666666666 
0.08333333333333333 0.6666666666666666 0.7083333333333334 0.625 0.5416666666666666 0.875 0.625 0.5833333333333334 0.7083333333333334 0.5416666666666666 0.625 0.75 0.125 0.4583333333333333 0.4583333333333333 0.2916666666666667 0.5416666666666666 
0.125 0.8333333333333334 0.9166666666666666 0.625 0.5416666666666666 0.75 0.7083333333333334 0.5 0.4583333333333333 0.7083333333333334 0.625 0.7083333333333334 0.0 0.25 0.2916666666666667 0.2916666666666667 0.5208333333333334 
0.16666666666666666 0.5833333333333334 0.75 0.6666666666666666 0.5833333333333334 0.875 0.6666666666666666 0.4583333333333333 0.5 0.625 0.5833333333333334 0.75 0.041666666666666664 0.4166666666666667 0.4583333333333333 0.2916666666666667 0.5260416666666666 
0.375 0.7083333333333334 0.6666666666666666 0.2916666666666667 0.75 0.625 0.5833333333333334 0.5416666666666666 0.75 0.5 0.625 0.6666666666666666 0.041666666666666664 0.375 0.2916666666666667 0.2916666666666667 0.5052083333333334 
0.16666666666666666 0.75 0.7083333333333334 0.4583333333333333 0.6666666666666666 0.7916666666666666 0.625 0.4166666666666667 0.7083333333333334 0.4166666666666667 0.6666666666666666 0.625 0.041666666666666664 0.4166666666666667 0.2916666666666667 0.2916666666666667 0.5026041666666666 
0.625 0.7083333333333334 0.625 0.2916666666666667 1.0 0.7916666666666666 0.7083333333333334 0.5416666666666666 1.0 0.7916666666666666 0.6666666666666666 0.7083333333333334 0.0 0.25 0.20833333333333334 0.25 0.5729166666666666 
0.4583333333333333 0.75 0.6666666666666666 0.3333333333333333 0.8333333333333334 0.75 0.6666666666666666 0.6666666666666666 0.4166666666666667 0.8333333333333334 0.4166666666666667 0.9583333333333334 0.0 0.2916666666666667 0.4166666666666667 0.3333333333333333 0.5494791666666666 
0.041666666666666664 0.625 0.6666666666666666 0.625 0.5 0.9166666666666666 0.7083333333333334 1.0 0.7083333333333334 0.4583333333333333 0.625 1.0 0.125 0.4583333333333333 0.4583333333333333 0.5 0.5885416666666666 
