0.0 0.75 0.625 0.25 0.20833333333333334 0.7916666666666666 0.9166666666666666 0.5416666666666666 0.4166666666666667 0.8333333333333334 0.75 0.9166666666666666 0.041666666666666664 0.041666666666666664 0.0 0.2916666666666667 0.4609375 
0.0 0.9583333333333334 0.4166666666666667 0.25 0.25 0.6666666666666666 0.9583333333333334 0.5 0.5 0.7916666666666666 0.7083333333333334 0.9583333333333334 0.0 0.0 0.0 0.25 0.4505208333333333 
0.041666666666666664 0.9583333333333334 0.4166666666666667 0.25 0.25 0.625 0.9583333333333334 0.5 0.5416666666666666 0.7083333333333334 0.7083333333333334 0.9166666666666666 0.0 0.041666666666666664 0.0 0.25 0.4479166666666667 
0.0 0.9166666666666666 0.4583333333333333 0.25 0.2916666666666667 0.75 0.875 0.5 0.4583333333333333 0.7916666666666666 0.7083333333333334 0.9166666666666666 0.0 0.0 0.0 0.25 0.4479166666666667 
0.0 0.5833333333333334 0.5833333333333334 0.25 0.2916666666666667 0.75 0.9166666666666666 0.25 0.7916666666666666 0.7083333333333334 0.9583333333333334 0.8333333333333334 0.0 0.0 0.25 0.375 0.4713541666666667 
0.0 0.9583333333333334 0.4583333333333333 0.4166666666666667 0.3333333333333333 0.6666666666666666 1.0 0.7083333333333334 0.4583333333333333 0.7916666666666666 0.7083333333333334 0.9166666666666666 0.0 0.0 0.041666666666666664 0.2916666666666667 0.484375 
0.041666666666666664 0.9583333333333334 0.20833333333333334 0.25 0.4583333333333333 0.6666666666666666 0.75 0.4166666666666667 0.7083333333333334 0.7083333333333334 0.8333333333333334 0.75 0.20833333333333334 0.0 0.08333333333333333 0.25 0.4557291666666667 
0.0 0.7083333333333334 0.5 0.25 0.625 0.6666666666666666 0.875 0.375 0.9583333333333334 0.75 0.9583333333333334 0.7083333333333334 0.20833333333333334 0.0 0.20833333333333334 0.375 0.5104166666666666 
0.0 0.7083333333333334 0.625 0.25 0.16666666666666666 0.7916666666666666 0.9583333333333334 0.4583333333333333 0.7916666666666666 0.7916666666666666 0.8333333333333334 0.875 0.0 0.0 0.08333333333333333 0.3333333333333333 0.4791666666666667 
0.0 0.625 0.7083333333333334 0.25 0.125 0.7916666666666666 0.9166666666666666 0.375 0.4583333333333333 0.75 0.875 0.875 0.0 0.0 0.08333333333333333 0.3333333333333333 0.4479166666666667 
0.125 0.8333333333333334 0.5833333333333334 0.25 0.20833333333333334 0.7083333333333334 0.9583333333333334 0.4166666666666667 0.625 0.7916666666666666 0.8333333333333334 0.8333333333333334 0.0 0.0 0.08333333333333333 0.3333333333333333 0.4739583333333333 
0.08333333333333333 0.625 0.5416666666666666 0.25 0.25 0.7083333333333334 0.875 0.25 0.8333333333333334 0.7083333333333334 0.9583333333333334 0.75 0.041666666666666664 0.0 0.20833333333333334 0.2916666666666667 0.4609375 
0.0 0.625 0.75 0.25 0.375 0.625 1.0 0.375 0.7083333333333334 0.6666666666666666 0.9166666666666666 0.75 0.041666666666666664 0.0 0.125 0.375 0.4739583333333333 
0.0 0.5 0.625 0.25 0.2916666666666667 0.75 0.9166666666666666 0.2916666666666667 0.7083333333333334 0.7083333333333334 1.0 0.75 0.0 0.0 0.25 0.3333333333333333 0.4609375 
0.0 0.7083333333333334 0.5833333333333334 0.25 0.20833333333333334 0.6666666666666666 0.9166666666666666 0.4166666666666667 0.625 0.75 0.8333333333333334 0.875 0.0 0.0 0.08333333333333333 0.3333333333333333 0.453125 
0.0 0.7083333333333334 0.5416666666666666 0.25 0.2916666666666667 0.6666666666666666 0.875 0.25 0.7916666666666666 0.75 0.9583333333333334 0.7083333333333334 0.0 0.0 0.20833333333333334 0.2916666666666667 0.4557291666666667 
0.16666666666666666 1.0 0.125 0.25 0.9166666666666666 0.7083333333333334 0.7916666666666666 0.5 1.0 0.75 0.7083333333333334 0.7916666666666666 0.25 0.0 0.0 0.25 0.5130208333333334 
0.20833333333333334 1.0 0.125 0.25 0.4166666666666667 0.7083333333333334 0.8333333333333334 0.5 0.7083333333333334 0.7083333333333334 0.75 0.875 0.0 0.0 0.0 0.25 0.4583333333333333 
0.0 0.7916666666666666 0.5833333333333334 0.25 0.25 0.6666666666666666 0.9166666666666666 0.4583333333333333 0.75 0.7916666666666666 0.8333333333333334 0.8333333333333334 0.041666666666666664 0.25 0.08333333333333333 0.3333333333333333 0.4895833333333333 
0.0 0.7083333333333334 0.4583333333333333 0.25 0.2916666666666667 0.6666666666666666 0.875 0.25 0.7916666666666666 0.7916666666666666 1.0 0.75 0.041666666666666664 0.0 0.20833333333333334 0.2916666666666667 0.4609375 
0.0 0.9166666666666666 0.3333333333333333 0.2916666666666667 0.3333333333333333 0.7083333333333334 0.875 0.875 0.7083333333333334 0.7083333333333334 0.8333333333333334 1.0 0.0 0.0 0.16666666666666666 0.625 0.5234375 
0.041666666666666664 0.5833333333333334 0.5833333333333334 0.25 0.2916666666666667 0.7083333333333334 0.9166666666666666 0.25 0.8333333333333334 0.7083333333333334 0.9583333333333334 0.75 0.0 0.0 0.25 0.3333333333333333 0.4661458333333333 
0.0 0.6666666666666666 0.75 0.25 0.25 0.6666666666666666 1.0 0.3333333333333333 0.6666666666666666 0.6666666666666666 0.9166666666666666 0.7083333333333334 0.0 0.0 0.20833333333333334 0.2916666666666667 0.4609375 
0.041666666666666664 0.9166666666666666 0.2916666666666667 0.25 0.3333333333333333 0.7083333333333334 0.9583333333333334 0.375 0.75 0.7083333333333334 0.8333333333333334 0.75 0.0 0.0 0.08333333333333333 0.2916666666666667 0.4557291666666667 
