0.0 0.0 0.125 0.25 0.5 0.5833333333333334 0.75 0.25 0.0 0.875 0.7916666666666666 0.625 0.16666666666666666 0.4583333333333333 0.16666666666666666 0.375 0.3697916666666667 
0.0 0.0 0.20833333333333334 0.2916666666666667 0.5833333333333334 0.625 0.9166666666666666 0.2916666666666667 0.0 0.75 0.8333333333333334 0.6666666666666666 0.08333333333333333 0.5416666666666666 0.0 0.375 0.3854166666666667 
0.0 0.125 0.20833333333333334 0.2916666666666667 0.5 0.625 0.875 0.25 0.0 0.6666666666666666 0.7916666666666666 0.8333333333333334 0.0 0.4166666666666667 0.08333333333333333 0.2916666666666667 0.3723958333333333 
0.0 0.0 0.125 0.25 0.6666666666666666 0.5833333333333334 0.8333333333333334 0.25 0.041666666666666664 1.0 0.8333333333333334 0.5 0.2916666666666667 0.4166666666666667 0.08333333333333333 0.375 0.390625 
0.0 0.0 0.20833333333333334 0.375 0.5416666666666666 0.7916666666666666 0.8333333333333334 0.2916666666666667 0.08333333333333333 0.9166666666666666 0.875 0.6666666666666666 0.16666666666666666 0.20833333333333334 0.041666666666666664 0.375 0.3984375 
0.0 0.08333333333333333 0.041666666666666664 0.2916666666666667 0.5416666666666666 0.5833333333333334 0.7916666666666666 0.2916666666666667 0.0 0.9166666666666666 0.75 0.5 0.25 0.4583333333333333 0.125 0.4583333333333333 0.3802083333333333 
0.0 0.0 0.25 0.25 0.7083333333333334 0.625 0.625 0.25 0.0 0.875 0.75 0.6666666666666666 0.125 0.4166666666666667 0.0 0.25 0.3619791666666667 
0.0 0.0 0.20833333333333334 0.2916666666666667 0.5 0.625 0.875 0.25 0.0 0.6666666666666666 0.9166666666666666 0.8333333333333334 0.0 0.4166666666666667 0.08333333333333333 0.25 0.3697916666666667 
0.0 0.0 0.08333333333333333 0.3333333333333333 0.3333333333333333 0.75 0.7916666666666666 0.4166666666666667 0.08333333333333333 0.875 0.8333333333333334 0.5 0.16666666666666666 0.20833333333333334 0.08333333333333333 0.4583333333333333 0.3697916666666667 
0.0 0.0 0.16666666666666666 0.25 0.5416666666666666 0.6666666666666666 0.7083333333333334 0.25 0.0 1.0 0.8333333333333334 0.6666666666666666 0.125 0.4166666666666667 0.0 0.3333333333333333 0.3723958333333333 
0.0 0.0 0.0 0.25 0.4166666666666667 0.5833333333333334 0.6666666666666666 0.5 0.08333333333333333 0.875 0.7916666666666666 0.2916666666666667 0.20833333333333334 0.125 0.20833333333333334 0.375 0.3359375 
0.0 0.0 0.041666666666666664 0.25 0.5833333333333334 0.7083333333333334 0.875 0.375 0.16666666666666666 0.9166666666666666 0.7916666666666666 0.2916666666666667 0.25 0.125 0.20833333333333334 0.4583333333333333 0.3776041666666667 
0.0 0.0 0.3333333333333333 0.25 0.5833333333333334 0.6666666666666666 0.8333333333333334 0.2916666666666667 0.0 0.75 0.7916666666666666 0.7916666666666666 0.0 0.4166666666666667 0.08333333333333333 0.25 0.3776041666666667 
0.0 0.0 0.041666666666666664 0.3333333333333333 0.3333333333333333 0.75 0.7916666666666666 0.5 0.041666666666666664 0.9166666666666666 0.8333333333333334 0.5 0.20833333333333334 0.25 0.08333333333333333 0.4583333333333333 0.3776041666666667 
0.0 0.125 0.16666666666666666 0.25 0.5416666666666666 0.7083333333333334 0.5833333333333334 0.25 0.0 0.7916666666666666 0.7083333333333334 0.7916666666666666 0.08333333333333333 0.4583333333333333 0.041666666666666664 0.2916666666666667 0.3619791666666667 
0.0 0.0 0.125 0.3333333333333333 0.7083333333333334 0.625 0.8333333333333334 0.375 0.08333333333333333 0.9166666666666666 0.8333333333333334 0.5 0.2916666666666667 0.375 0.08333333333333333 0.4166666666666667 0.40625 
0.0 0.041666666666666664 0.375 0.25 0.5833333333333334 0.75 0.7083333333333334 0.2916666666666667 0.0 0.75 0.8333333333333334 0.8333333333333334 0.0 0.4166666666666667 0.041666666666666664 0.25 0.3828125 
0.0 0.0 0.16666666666666666 0.2916666666666667 0.5 0.625 0.9166666666666666 0.3333333333333333 0.0 0.75 0.9166666666666666 0.625 0.08333333333333333 0.5 0.0 0.375 0.3802083333333333 
0.0 0.0 0.041666666666666664 0.375 0.3333333333333333 0.875 0.8333333333333334 0.4166666666666667 0.041666666666666664 0.875 0.7916666666666666 0.5 0.25 0.4166666666666667 0.08333333333333333 0.4583333333333333 0.3932291666666667 
0.0 0.0 0.16666666666666666 0.2916666666666667 0.5416666666666666 0.7916666666666666 0.875 0.2916666666666667 0.25 0.9166666666666666 0.9166666666666666 0.625 0.16666666666666666 0.20833333333333334 0.125 0.375 0.4088541666666667 
0.0 0.041666666666666664 0.16666666666666666 0.25 0.5416666666666666 0.75 0.5416666666666666 0.25 0.0 0.875 0.75 0.7083333333333334 0.0 0.4583333333333333 0.0 0.25 0.3489583333333333 
0.0 0.0 0.125 0.2916666666666667 0.5416666666666666 0.625 0.875 0.2916666666666667 0.041666666666666664 0.7916666666666666 0.875 0.7083333333333334 0.08333333333333333 0.5416666666666666 0.0 0.375 0.3854166666666667 
0.0 0.0 0.041666666666666664 0.3333333333333333 0.4166666666666667 0.75 0.7916666666666666 0.4166666666666667 0.041666666666666664 0.875 0.8333333333333334 0.5 0.16666666666666666 0.20833333333333334 0.16666666666666666 0.4583333333333333 0.375 
0.041666666666666664 0.0 0.125 0.3333333333333333 0.4166666666666667 0.75 0.875 0.3333333333333333 0.041666666666666664 0.8333333333333334 0.8333333333333334 0.5 0.16666666666666666 0.20833333333333334 0.041666666666666664 0.375 0.3671875 
0.0 0.041666666666666664 0.4166666666666667 0.25 0.625 0.75 0.7083333333333334 0.25 0.0 0.75 0.8333333333333334 0.7916666666666666 0.041666666666666664 0.4583333333333333 0.041666666666666664 0.25 0.3880208333333333 
0.0 0.0 0.08333333333333333 0.2916666666666667 0.4583333333333333 0.5833333333333334 0.7916666666666666 0.375 0.125 0.9166666666666666 0.7916666666666666 0.2916666666666667 0.25 0.25 0.20833333333333334 0.4166666666666667 0.3645833333333333 
0.0 0.0 0.16666666666666666 0.25 0.5416666666666666 0.5833333333333334 0.8333333333333334 0.25 0.0 0.875 0.7916666666666666 0.6666666666666666 0.16666666666666666 0.4583333333333333 0.08333333333333333 0.7916666666666666 0.4036458333333333 
0.0 0.0 0.125 0.25 0.6666666666666666 0.5833333333333334 0.75 0.25 0.08333333333333333 1.0 0.8333333333333334 0.5 0.375 0.375 0.16666666666666666 0.375 0.3958333333333333 
0.0 0.0 0.20833333333333334 0.2916666666666667 0.5416666666666666 0.7916666666666666 0.7916666666666666 0.2916666666666667 0.08333333333333333 0.875 0.9166666666666666 0.7916666666666666 0.20833333333333334 0.20833333333333334 0.041666666666666664 0.375 0.4010416666666667 
0.0 0.0 0.3333333333333333 0.25 0.5416666666666666 0.7083333333333334 0.7916666666666666 0.2916666666666667 0.0 0.75 0.7916666666666666 0.7916666666666666 0.0 0.4583333333333333 0.08333333333333333 0.25 0.3776041666666667 
0.0 0.041666666666666664 0.4166666666666667 0.25 0.5833333333333334 0.75 0.75 0.25 0.0 0.75 0.75 0.8333333333333334 0.0 0.4166666666666667 0.041666666666666664 0.25 0.3802083333333333 
0.0 0.0 0.20833333333333334 0.2916666666666667 0.4583333333333333 0.7916666666666666 0.7916666666666666 0.2916666666666667 0.125 0.875 0.8333333333333334 0.6666666666666666 0.20833333333333334 0.2916666666666667 0.20833333333333334 0.375 0.4010416666666667 
0.0 0.0 0.041666666666666664 0.2916666666666667 0.5416666666666666 0.5416666666666666 0.8333333333333334 0.3333333333333333 0.0 0.9166666666666666 0.75 0.5 0.375 0.375 0.125 0.4583333333333333 0.3802083333333333 
0.08333333333333333 0.041666666666666664 0.4166666666666667 0.25 0.625 0.75 0.7083333333333334 0.25 0.0 0.75 0.7916666666666666 0.8333333333333334 0.08333333333333333 0.4166666666666667 0.08333333333333333 0.25 0.3958333333333333 
0.0 0.0 0.041666666666666664 0.3333333333333333 0.3333333333333333 0.75 0.7916666666666666 0.4166666666666667 0.041666666666666664 0.875 0.8333333333333334 0.5 0.16666666666666666 0.2916666666666667 0.08333333333333333 0.4583333333333333 0.3697916666666667 
0.0 0.041666666666666664 0.16666666666666666 0.25 0.6666666666666666 0.7083333333333334 0.5416666666666666 0.25 0.0 0.7916666666666666 0.875 0.7916666666666666 0.0 0.4583333333333333 0.041666666666666664 0.2916666666666667 0.3671875 
