0.08333333333333333 0.08333333333333333 0.2916666666666667 0.25 0.16666666666666666 1.0 0.25 0.25 0.0 0.7916666666666666 0.3333333333333333 0.25 0.0 0.08333333333333333 0.08333333333333333 0.25 0.2604166666666667 
0.0 0.20833333333333334 0.3333333333333333 0.25 0.25 1.0 0.2916666666666667 0.25 0.0 0.9166666666666666 0.125 0.25 0.0 0.25 0.041666666666666664 0.25 0.2760416666666667 
0.0 0.041666666666666664 0.125 0.25 0.20833333333333334 0.875 0.3333333333333333 0.25 0.0 0.7916666666666666 0.3333333333333333 0.25 0.0 0.125 0.2916666666666667 0.25 0.2578125 
0.0 0.20833333333333334 0.4583333333333333 0.5416666666666666 0.125 1.0 0.3333333333333333 0.3333333333333333 0.0 0.5416666666666666 0.625 0.25 0.0 0.08333333333333333 0.125 0.25 0.3046875 
0.0 0.20833333333333334 0.375 0.25 0.25 1.0 0.25 0.25 0.0 0.5416666666666666 0.5833333333333334 0.25 0.0 0.041666666666666664 0.125 0.25 0.2734375 
0.0 0.041666666666666664 0.25 0.25 0.16666666666666666 1.0 0.25 0.25 0.0 0.7916666666666666 0.3333333333333333 0.25 0.0 0.08333333333333333 0.08333333333333333 0.25 0.25 
0.0 0.125 0.2916666666666667 0.25 0.25 1.0 0.25 0.25 0.0 0.9166666666666666 0.16666666666666666 0.25 0.0 0.16666666666666666 0.041666666666666664 0.25 0.2630208333333333 
0.0 0.041666666666666664 0.25 0.25 0.125 1.0 0.2916666666666667 0.25 0.0 0.7916666666666666 0.3333333333333333 0.25 0.0 0.125 0.16666666666666666 0.25 0.2578125 
0.0 0.16666666666666666 0.5 0.25 0.16666666666666666 1.0 0.3333333333333333 0.25 0.0 0.5833333333333334 0.5833333333333334 0.25 0.0 0.041666666666666664 0.20833333333333334 0.25 0.2864583333333333 
0.0 0.041666666666666664 0.20833333333333334 0.25 0.16666666666666666 0.9166666666666666 0.3333333333333333 0.25 0.041666666666666664 0.75 0.3333333333333333 0.25 0.0 0.125 0.2916666666666667 0.25 0.2630208333333333 
