0.0 0.0 0.5 0.3333333333333333 0.0 0.3333333333333333 0.5833333333333334 0.4166666666666667 0.0 0.875 0.20833333333333334 0.25 0.625 0.7083333333333334 0.0 0.25 0.3177083333333333 
0.0 0.125 0.5416666666666666 0.4166666666666667 0.0 0.25 0.5833333333333334 0.25 0.0 0.7916666666666666 0.2916666666666667 0.25 0.6666666666666666 0.7916666666666666 0.0 0.25 0.3255208333333333 
0.0 0.0 0.5833333333333334 0.25 0.0 0.4166666666666667 0.5416666666666666 0.25 0.0 0.7083333333333334 0.3333333333333333 0.25 0.375 1.0 0.125 0.25 0.3177083333333333 
0.0 0.0 0.5833333333333334 0.25 0.0 0.4166666666666667 0.5416666666666666 0.25 0.0 0.7083333333333334 0.3333333333333333 0.25 0.375 1.0 0.125 0.25 0.3177083333333333 
0.0 0.0 0.625 0.3333333333333333 0.0 0.2916666666666667 0.6666666666666666 0.25 0.0 0.7083333333333334 0.375 0.25 0.375 0.9583333333333334 0.08333333333333333 0.25 0.3229166666666667 
0.0 0.3333333333333333 0.4583333333333333 0.25 0.0 0.625 0.5 0.25 0.08333333333333333 0.75 0.25 0.25 0.8333333333333334 1.0 0.041666666666666664 0.25 0.3671875 
0.0 0.0 0.625 0.25 0.0 0.4166666666666667 0.5833333333333334 0.25 0.0 0.7916666666666666 0.3333333333333333 0.25 0.4583333333333333 1.0 0.125 0.25 0.3333333333333333 
0.0 0.041666666666666664 0.4583333333333333 0.375 0.0 0.5 0.5833333333333334 0.25 0.125 0.9166666666666666 0.041666666666666664 0.3333333333333333 0.875 0.2916666666666667 0.0 0.25 0.3151041666666667 
0.0 0.0 0.5 0.5416666666666666 0.0 0.25 0.8333333333333334 0.25 0.0 0.9583333333333334 0.20833333333333334 0.25 0.75 0.625 0.0 0.25 0.3385416666666667 
0.0 0.0 0.5416666666666666 0.25 0.0 0.5 0.4583333333333333 0.25 0.0 0.875 0.125 0.25 0.6666666666666666 0.7083333333333334 0.0 0.25 0.3046875 
0.0 0.0 0.625 0.2916666666666667 0.20833333333333334 0.4166666666666667 0.4583333333333333 0.25 0.4166666666666667 0.9166666666666666 0.20833333333333334 0.25 0.625 0.75 0.0 0.25 0.3541666666666667 
0.0 0.0 0.6666666666666666 0.2916666666666667 0.0 0.3333333333333333 0.5 0.25 0.0 0.9166666666666666 0.2916666666666667 0.25 0.625 0.8333333333333334 0.0 0.25 0.3255208333333333 
0.0 0.0 0.5 0.375 0.0 0.25 0.625 0.25 0.16666666666666666 0.8333333333333334 0.2916666666666667 0.25 0.625 0.75 0.0 0.25 0.3229166666666667 
0.0 0.0 0.5833333333333334 0.4583333333333333 0.0 0.5416666666666666 0.375 0.2916666666666667 0.041666666666666664 0.875 0.125 0.25 0.6666666666666666 0.7083333333333334 0.0 0.25 0.3229166666666667 
0.08333333333333333 0.0 0.6666666666666666 0.2916666666666667 0.0 0.4166666666666667 0.7083333333333334 0.3333333333333333 0.0 0.6666666666666666 0.4166666666666667 0.25 0.375 1.0 0.08333333333333333 0.25 0.3463541666666667 
0.0 0.041666666666666664 0.5833333333333334 0.3333333333333333 0.0 0.5 0.5 0.25 0.0 0.75 0.2916666666666667 0.25 0.375 1.0 0.08333333333333333 0.25 0.3255208333333333 
0.0 0.041666666666666664 0.5416666666666666 0.25 0.0 0.4166666666666667 0.5 0.25 0.0 0.75 0.2916666666666667 0.25 0.375 1.0 0.125 0.25 0.3151041666666667 
0.0 0.125 0.625 0.25 0.0 0.4583333333333333 0.7083333333333334 0.25 0.0 0.6666666666666666 0.3333333333333333 0.25 0.375 0.9583333333333334 0.08333333333333333 0.25 0.3333333333333333 
0.0 0.0 0.5833333333333334 0.25 0.0 0.4166666666666667 0.6666666666666666 0.25 0.125 0.6666666666666666 0.375 0.25 0.4166666666666667 0.9583333333333334 0.08333333333333333 0.25 0.3307291666666667 
