0.0 0.0 0.125 0.2916666666666667 0.7916666666666666 0.625 0.7916666666666666 0.7083333333333334 0.75 0.4583333333333333 0.6666666666666666 1.0 0.041666666666666664 0.8333333333333334 0.625 1.0 0.5442708333333334 
0.0 0.125 0.2916666666666667 0.2916666666666667 0.625 0.5416666666666666 0.75 0.75 0.625 0.625 0.625 1.0 0.0 0.6666666666666666 0.6666666666666666 0.875 0.5286458333333334 
0.0 0.0 0.20833333333333334 0.3333333333333333 0.5 0.625 0.7916666666666666 0.75 0.6666666666666666 0.625 0.5 1.0 0.0 0.625 0.625 0.875 0.5078125 
0.0 0.08333333333333333 0.20833333333333334 0.2916666666666667 0.7083333333333334 0.625 0.75 0.7083333333333334 0.5833333333333334 0.75 0.5833333333333334 1.0 0.0 0.5833333333333334 0.6666666666666666 0.9166666666666666 0.5286458333333334 
0.0 0.16666666666666666 0.20833333333333334 0.3333333333333333 0.5 0.75 0.7083333333333334 0.7916666666666666 0.625 0.625 0.5 0.9583333333333334 0.0 0.7083333333333334 0.625 0.875 0.5234375 
0.16666666666666666 0.041666666666666664 0.20833333333333334 0.2916666666666667 0.625 0.625 0.75 0.75 0.6666666666666666 0.625 0.5833333333333334 0.9583333333333334 0.0 0.5833333333333334 0.5833333333333334 0.875 0.5208333333333334 
0.0 0.0 0.125 0.2916666666666667 0.4583333333333333 0.625 0.7083333333333334 0.75 0.625 0.625 0.625 1.0 0.0 0.7083333333333334 0.7916666666666666 0.875 0.5130208333333334 
0.0 0.16666666666666666 0.08333333333333333 0.2916666666666667 0.8333333333333334 0.6666666666666666 0.7916666666666666 0.7083333333333334 0.75 0.5416666666666666 0.5833333333333334 1.0 0.20833333333333334 0.75 0.625 1.0 0.5625 
0.0 0.16666666666666666 0.3333333333333333 0.2916666666666667 0.8333333333333334 0.5 0.7083333333333334 0.7916666666666666 0.6666666666666666 0.625 0.7083333333333334 0.9583333333333334 0.0 0.5833333333333334 0.5416666666666666 0.875 0.5364583333333334 
0.041666666666666664 0.041666666666666664 0.20833333333333334 0.2916666666666667 0.7083333333333334 0.625 0.75 0.7083333333333334 0.6666666666666666 0.625 0.5833333333333334 0.9583333333333334 0.0 0.5833333333333334 0.5833333333333334 0.875 0.515625 
0.16666666666666666 0.0 0.25 0.3333333333333333 0.5833333333333334 0.75 0.7083333333333334 0.875 0.5833333333333334 0.625 0.625 0.9583333333333334 0.0 0.625 0.625 0.875 0.5364583333333334 
0.0 0.041666666666666664 0.25 0.3333333333333333 0.625 0.6666666666666666 0.75 0.7083333333333334 0.625 0.625 0.6666666666666666 0.9583333333333334 0.041666666666666664 0.6666666666666666 0.6666666666666666 0.875 0.53125 
0.0 0.0 0.20833333333333334 0.2916666666666667 0.7083333333333334 0.625 0.7916666666666666 0.7083333333333334 0.75 0.5 0.5833333333333334 1.0 0.041666666666666664 0.7083333333333334 0.5833333333333334 1.0 0.53125 
