0.125 0.6666666666666666 0.7083333333333334 0.6666666666666666 0.0 0.125 0.7916666666666666 0.5 0.125 0.7916666666666666 0.16666666666666666 0.25 0.08333333333333333 0.25 0.0 0.25 0.34375 
0.041666666666666664 0.6666666666666666 0.625 0.7083333333333334 0.0 0.25 0.75 0.5416666666666666 0.3333333333333333 0.875 0.16666666666666666 0.2916666666666667 0.16666666666666666 0.041666666666666664 0.0 0.25 0.3567708333333333 
0.0 0.6666666666666666 0.6666666666666666 0.5833333333333334 0.0 0.25 0.6666666666666666 0.5833333333333334 0.25 0.7916666666666666 0.041666666666666664 0.25 0.16666666666666666 0.08333333333333333 0.0 0.5 0.34375 
0.0 0.4166666666666667 0.75 0.7083333333333334 0.0 0.375 0.75 0.625 0.2916666666666667 0.7916666666666666 0.041666666666666664 0.25 0.08333333333333333 0.08333333333333333 0.0 0.25 0.3385416666666667 
0.041666666666666664 0.6666666666666666 0.6666666666666666 0.6666666666666666 0.0 0.125 0.7916666666666666 0.5 0.041666666666666664 0.9166666666666666 0.20833333333333334 0.25 0.08333333333333333 0.25 0.0 0.25 0.3411458333333333 
0.0 0.6666666666666666 0.625 0.5833333333333334 0.0 0.125 0.7916666666666666 0.6666666666666666 0.2916666666666667 0.8333333333333334 0.125 0.25 0.20833333333333334 0.125 0.0 0.25 0.3463541666666667 
0.041666666666666664 0.75 0.6666666666666666 0.7083333333333334 0.0 0.125 0.7916666666666666 0.5 0.08333333333333333 0.7916666666666666 0.16666666666666666 0.25 0.16666666666666666 0.2916666666666667 0.0 0.25 0.3489583333333333 
0.0 0.4166666666666667 0.75 0.7083333333333334 0.0 0.20833333333333334 0.75 0.6666666666666666 0.3333333333333333 0.7916666666666666 0.125 0.25 0.16666666666666666 0.041666666666666664 0.0 0.25 0.3411458333333333 
0.125 0.7083333333333334 0.6666666666666666 0.625 0.0 0.2916666666666667 0.7083333333333334 0.625 0.2916666666666667 0.75 0.041666666666666664 0.25 0.16666666666666666 0.041666666666666664 0.0 0.25 0.3463541666666667 
0.125 0.6666666666666666 0.8333333333333334 0.75 0.0 0.375 0.6666666666666666 0.4166666666666667 0.375 0.875 0.0 0.25 0.25 0.08333333333333333 0.0 0.25 0.3697916666666667 
0.08333333333333333 0.7083333333333334 0.6666666666666666 0.625 0.0 0.2916666666666667 0.6666666666666666 0.4583333333333333 0.2916666666666667 0.75 0.08333333333333333 0.25 0.375 0.08333333333333333 0.0 0.25 0.3489583333333333 
0.0 0.4166666666666667 0.7083333333333334 0.7083333333333334 0.0 0.25 0.7916666666666666 0.5833333333333334 0.2916666666666667 0.875 0.041666666666666664 0.25 0.125 0.041666666666666664 0.0 0.25 0.3333333333333333 
0.0 0.4583333333333333 0.7916666666666666 0.7083333333333334 0.0 0.375 0.7916666666666666 0.5833333333333334 0.2916666666666667 0.7083333333333334 0.041666666666666664 0.25 0.08333333333333333 0.041666666666666664 0.0 0.25 0.3359375 
0.0 0.6666666666666666 0.625 0.5833333333333334 0.0 0.2916666666666667 0.7083333333333334 0.5833333333333334 0.25 0.8333333333333334 0.041666666666666664 0.25 0.16666666666666666 0.08333333333333333 0.0 0.25 0.3333333333333333 
0.125 0.6666666666666666 0.7916666666666666 0.7916666666666666 0.0 0.375 0.7083333333333334 0.4166666666666667 0.3333333333333333 0.8333333333333334 0.08333333333333333 0.25 0.16666666666666666 0.08333333333333333 0.0 0.25 0.3671875 
0.041666666666666664 0.5833333333333334 0.7916666666666666 0.875 0.0 0.20833333333333334 0.7916666666666666 0.5833333333333334 0.08333333333333333 0.9166666666666666 0.08333333333333333 0.25 0.041666666666666664 0.125 0.0 0.25 0.3515625 
0.20833333333333334 0.6666666666666666 0.75 0.75 0.041666666666666664 0.375 0.7083333333333334 0.4166666666666667 0.4583333333333333 0.75 0.041666666666666664 0.25 0.625 0.08333333333333333 0.0 0.25 0.3984375 
0.0 0.875 0.625 0.5833333333333334 0.0 0.25 0.75 0.5 0.25 0.75 0.041666666666666664 0.25 0.16666666666666666 0.08333333333333333 0.0 0.25 0.3359375 
