0.2916666666666667 0.75 0.0 0.25 0.08333333333333333 0.7916666666666666 0.2916666666666667 0.25 0.0 0.16666666666666666 0.9166666666666666 0.375 0.0 0.0 0.16666666666666666 0.3333333333333333 0.2916666666666667 
0.0 1.0 0.041666666666666664 0.375 0.0 0.6666666666666666 0.4166666666666667 0.3333333333333333 0.0 0.2916666666666667 0.7916666666666666 0.25 0.0 0.0 0.25 0.25 0.2916666666666667 
0.4166666666666667 0.75 0.0 0.25 0.0 0.8333333333333334 0.3333333333333333 0.25 0.08333333333333333 0.20833333333333334 0.9166666666666666 0.3333333333333333 0.0 0.0 0.20833333333333334 0.2916666666666667 0.3046875 
0.375 0.625 0.0 0.25 0.0 0.875 0.5 0.6666666666666666 0.0 0.20833333333333334 0.9583333333333334 0.9166666666666666 0.0 0.0 0.125 0.3333333333333333 0.3645833333333333 
0.20833333333333334 0.625 0.16666666666666666 0.25 0.16666666666666666 0.875 0.20833333333333334 0.25 0.0 0.3333333333333333 0.7083333333333334 0.25 0.0 0.0 0.20833333333333334 0.25 0.28125 
0.041666666666666664 0.9583333333333334 0.08333333333333333 0.25 0.0 0.6666666666666666 0.4166666666666667 0.25 0.0 0.2916666666666667 0.8333333333333334 0.25 0.0 0.0 0.25 0.25 0.2838541666666667 
0.125 0.6666666666666666 0.0 0.25 0.041666666666666664 0.875 0.25 0.25 0.0 0.375 0.7083333333333334 0.25 0.0 0.0 0.20833333333333334 0.25 0.265625 
0.0 0.9166666666666666 0.20833333333333334 0.25 0.0 0.625 0.5 0.25 0.16666666666666666 0.2916666666666667 0.8333333333333334 0.25 0.0 0.0 0.3333333333333333 0.25 0.3046875 
0.16666666666666666 0.875 0.0 0.3333333333333333 0.0 0.7083333333333334 0.3333333333333333 0.9583333333333334 0.0 0.125 0.9583333333333334 1.0 0.0 0.0 0.125 0.4583333333333333 0.3776041666666667 
0.125 0.9583333333333334 0.08333333333333333 0.25 0.0 0.625 0.5 0.25 0.2916666666666667 0.3333333333333333 0.875 0.25 0.3333333333333333 0.041666666666666664 0.25 0.2916666666666667 0.3411458333333333 
0.0 1.0 0.041666666666666664 0.25 0.0 0.6666666666666666 0.375 0.25 0.0 0.2916666666666667 0.7916666666666666 0.25 0.0 0.0 0.25 0.25 0.2760416666666667 
0.16666666666666666 0.6666666666666666 0.0 0.25 0.0 0.875 0.2916666666666667 0.25 0.0 0.3333333333333333 0.7083333333333334 0.2916666666666667 0.0 0.0 0.20833333333333334 0.2916666666666667 0.2708333333333333 
0.2916666666666667 0.75 0.0 0.25 0.5833333333333334 0.7083333333333334 0.5833333333333334 0.25 0.75 0.125 0.9583333333333334 0.3333333333333333 0.0 0.0 0.125 0.2916666666666667 0.375 
0.08333333333333333 0.6666666666666666 0.0 0.25 0.0 0.8333333333333334 0.25 0.25 0.16666666666666666 0.4166666666666667 0.7083333333333334 0.25 0.0 0.041666666666666664 0.20833333333333334 0.25 0.2734375 
0.08333333333333333 0.6666666666666666 0.0 0.25 0.041666666666666664 0.8333333333333334 0.2916666666666667 0.25 0.3333333333333333 0.2916666666666667 0.7083333333333334 0.25 0.0 0.0 0.2916666666666667 0.25 0.2838541666666667 
0.125 0.6666666666666666 0.0 0.25 0.0 0.8333333333333334 0.25 0.25 0.0 0.3333333333333333 0.7083333333333334 0.2916666666666667 0.0 0.0 0.20833333333333334 0.25 0.2604166666666667 
0.125 0.6666666666666666 0.0 0.25 0.0 0.8333333333333334 0.25 0.25 0.0 0.3333333333333333 0.7083333333333334 0.2916666666666667 0.0 0.0 0.20833333333333334 0.25 0.2604166666666667 
0.08333333333333333 0.6666666666666666 0.0 0.25 0.0 0.8333333333333334 0.3333333333333333 0.5833333333333334 0.0 0.2916666666666667 0.7083333333333334 0.3333333333333333 0.0 0.0 0.3333333333333333 0.2916666666666667 0.2942708333333333 
0.2916666666666667 0.75 0.0 0.25 0.0 0.7916666666666666 0.2916666666666667 0.25 0.0 0.20833333333333334 0.9166666666666666 0.3333333333333333 0.0 0.0 0.125 0.2916666666666667 0.28125 
0.125 0.7083333333333334 0.041666666666666664 0.25 0.08333333333333333 0.8333333333333334 0.3333333333333333 0.25 0.125 0.2916666666666667 0.75 0.25 0.0 0.0 0.20833333333333334 0.25 0.28125 
0.08333333333333333 0.6666666666666666 0.0 0.25 0.041666666666666664 0.8333333333333334 0.2916666666666667 0.25 0.3333333333333333 0.2916666666666667 0.7083333333333334 0.25 0.0 0.0 0.2916666666666667 0.25 0.2838541666666667 
0.125 0.7916666666666666 0.0 0.25 0.0 0.7083333333333334 0.4166666666666667 0.25 0.0 0.16666666666666666 0.875 0.3333333333333333 0.0 0.0 0.20833333333333334 0.2916666666666667 0.2760416666666667 
0.08333333333333333 1.0 0.041666666666666664 0.25 0.0 0.7916666666666666 0.4166666666666667 0.25 0.0 0.3333333333333333 0.7916666666666666 0.25 0.0 0.0 0.25 0.25 0.2942708333333333 
