0.041666666666666664 0.0 0.16666666666666666 0.2916666666666667 0.6666666666666666 0.125 0.7916666666666666 0.5833333333333334 0.20833333333333334 0.8333333333333334 0.9583333333333334 0.3333333333333333 0.0 0.5833333333333334 0.6666666666666666 0.25 0.40625 
0.0 0.0 0.0 0.2916666666666667 0.875 0.25 0.8333333333333334 0.4166666666666667 0.25 0.875 0.75 0.25 0.125 0.875 0.3333333333333333 0.25 0.3984375 
0.0 0.0 0.0 0.25 0.625 0.2916666666666667 0.5 0.75 0.3333333333333333 0.9166666666666666 0.8333333333333334 0.3333333333333333 0.125 0.875 0.375 0.25 0.4036458333333333 
0.08333333333333333 0.041666666666666664 0.0 0.25 0.5833333333333334 0.5416666666666666 0.5 0.7916666666666666 0.08333333333333333 0.9166666666666666 0.7916666666666666 0.2916666666666667 0.25 0.875 0.2916666666666667 0.3333333333333333 0.4140625 
0.0 0.0 0.0 0.2916666666666667 0.625 0.4166666666666667 0.4583333333333333 0.7083333333333334 0.08333333333333333 0.9166666666666666 0.875 0.3333333333333333 0.125 0.875 0.4166666666666667 0.25 0.3984375 
0.08333333333333333 0.041666666666666664 0.0 0.25 0.4583333333333333 0.5416666666666666 0.3333333333333333 0.75 0.20833333333333334 0.875 0.7916666666666666 0.3333333333333333 0.375 0.9583333333333334 0.16666666666666666 0.25 0.4010416666666667 
0.20833333333333334 0.0 0.0 0.25 0.6666666666666666 0.5 0.3333333333333333 0.75 0.16666666666666666 0.875 0.8333333333333334 0.5 0.4166666666666667 0.9583333333333334 0.16666666666666666 0.25 0.4296875 
0.0 0.0 0.125 0.2916666666666667 0.75 0.125 0.8333333333333334 0.5416666666666666 0.20833333333333334 0.9166666666666666 0.9166666666666666 0.25 0.0 0.6666666666666666 0.6666666666666666 0.25 0.4088541666666667 
0.041666666666666664 0.0 0.0 0.25 0.625 0.3333333333333333 0.4166666666666667 0.75 0.16666666666666666 0.9166666666666666 0.8333333333333334 0.3333333333333333 0.125 0.875 0.375 0.3333333333333333 0.3984375 
0.08333333333333333 0.0 0.041666666666666664 0.3333333333333333 0.625 0.375 0.4583333333333333 0.6666666666666666 0.20833333333333334 0.9166666666666666 0.8333333333333334 0.4166666666666667 0.4166666666666667 0.9166666666666666 0.08333333333333333 0.25 0.4140625 
0.125 0.0 0.0 0.25 0.75 0.2916666666666667 0.6666666666666666 0.625 0.2916666666666667 0.9166666666666666 0.75 0.2916666666666667 0.375 0.9166666666666666 0.08333333333333333 0.25 0.4114583333333333 
0.125 0.0 0.0 0.25 0.625 0.375 0.625 0.6666666666666666 0.25 0.8333333333333334 0.75 0.2916666666666667 0.4166666666666667 0.9583333333333334 0.125 0.25 0.4088541666666667 
0.0 0.0 0.0 0.2916666666666667 0.7916666666666666 0.16666666666666666 0.8333333333333334 0.4583333333333333 0.25 0.875 0.75 0.2916666666666667 0.125 0.875 0.2916666666666667 0.25 0.390625 
0.0 0.0 0.041666666666666664 0.3333333333333333 0.5416666666666666 0.5 0.5833333333333334 0.6666666666666666 0.041666666666666664 0.875 0.9583333333333334 0.5 0.041666666666666664 0.625 0.625 0.25 0.4114583333333333 
0.0 0.0 0.0 0.25 0.625 0.4166666666666667 0.4166666666666667 0.75 0.08333333333333333 0.9583333333333334 0.875 0.375 0.125 0.875 0.4166666666666667 0.25 0.4010416666666667 
0.0 0.0 0.08333333333333333 0.3333333333333333 0.7083333333333334 0.125 0.75 0.4583333333333333 0.2916666666666667 0.8333333333333334 1.0 0.25 0.0 0.625 0.6666666666666666 0.25 0.3984375 
0.0 0.0 0.08333333333333333 0.3333333333333333 0.6666666666666666 0.375 0.5833333333333334 0.625 0.041666666666666664 0.875 0.9166666666666666 0.375 0.041666666666666664 0.625 0.625 0.25 0.4010416666666667 
0.0 0.0 0.08333333333333333 0.3333333333333333 0.7916666666666666 0.25 0.7083333333333334 0.5416666666666666 0.08333333333333333 0.875 0.9166666666666666 0.375 0.041666666666666664 0.6666666666666666 0.5833333333333334 0.25 0.40625 
0.0 0.0 0.0 0.25 0.625 0.3333333333333333 0.4583333333333333 0.625 0.125 0.875 0.7916666666666666 0.375 0.125 0.875 0.375 0.25 0.3802083333333333 
0.08333333333333333 0.041666666666666664 0.0 0.25 0.4583333333333333 0.5 0.3333333333333333 0.7916666666666666 0.16666666666666666 0.875 0.7916666666666666 0.3333333333333333 0.4166666666666667 0.9583333333333334 0.16666666666666666 0.25 0.4010416666666667 
0.0 0.0 0.0 0.25 0.75 0.25 0.625 0.625 0.20833333333333334 0.9583333333333334 0.875 0.2916666666666667 0.125 0.875 0.2916666666666667 0.25 0.3984375 
0.08333333333333333 0.0 0.08333333333333333 0.3333333333333333 0.75 0.4583333333333333 0.75 0.5833333333333334 0.125 0.875 0.9166666666666666 0.2916666666666667 0.08333333333333333 0.625 0.5833333333333334 0.25 0.4244791666666667 
0.0 0.0 0.08333333333333333 0.3333333333333333 0.75 0.375 0.6666666666666666 0.5833333333333334 0.08333333333333333 0.875 0.9166666666666666 0.2916666666666667 0.041666666666666664 0.625 0.5833333333333334 0.25 0.4036458333333333 
0.08333333333333333 0.0 0.0 0.25 0.5 0.5833333333333334 0.25 0.7083333333333334 0.16666666666666666 0.875 0.7916666666666666 0.3333333333333333 0.375 0.9583333333333334 0.20833333333333334 0.25 0.3958333333333333 
0.0 0.0 0.0 0.25 0.75 0.20833333333333334 0.6666666666666666 0.6666666666666666 0.16666666666666666 0.875 0.7916666666666666 0.25 0.125 0.9583333333333334 0.375 0.25 0.3958333333333333 
0.0 0.0 0.041666666666666664 0.2916666666666667 0.75 0.125 0.75 0.5 0.20833333333333334 0.8333333333333334 0.9583333333333334 0.2916666666666667 0.0 0.5833333333333334 0.7083333333333334 0.25 0.3932291666666667 
0.0 0.0 0.16666666666666666 0.2916666666666667 0.7083333333333334 0.125 0.8333333333333334 0.5 0.20833333333333334 0.8333333333333334 1.0 0.375 0.0 0.6666666666666666 0.6666666666666666 0.5416666666666666 0.4322916666666667 
0.0 0.0 0.0 0.25 0.5833333333333334 0.375 0.4583333333333333 0.6666666666666666 0.08333333333333333 0.9166666666666666 0.875 0.3333333333333333 0.125 0.875 0.4583333333333333 0.25 0.390625 
0.0 0.0 0.08333333333333333 0.3333333333333333 0.7916666666666666 0.25 0.7916666666666666 0.5 0.08333333333333333 0.875 0.875 0.25 0.041666666666666664 0.625 0.5833333333333334 0.25 0.3958333333333333 
0.125 0.0 0.0 0.25 0.75 0.3333333333333333 0.5833333333333334 0.625 0.25 0.8333333333333334 0.875 0.25 0.375 0.9166666666666666 0.125 0.25 0.4088541666666667 
0.0 0.0 0.08333333333333333 0.3333333333333333 0.8333333333333334 0.25 0.75 0.5416666666666666 0.08333333333333333 0.9583333333333334 0.875 0.4166666666666667 0.041666666666666664 0.625 0.6666666666666666 0.25 0.4192708333333333 
