0.125 0.08333333333333333 0.0 0.25 0.7916666666666666 0.375 0.2916666666666667 0.625 1.0 0.20833333333333334 0.9166666666666666 0.4583333333333333 0.20833333333333334 0.3333333333333333 0.4583333333333333 0.25 0.3984375 
0.041666666666666664 0.041666666666666664 0.0 0.25 0.5416666666666666 0.4583333333333333 0.2916666666666667 0.7916666666666666 0.7083333333333334 0.4166666666666667 0.625 0.75 0.125 0.3333333333333333 0.4166666666666667 0.4583333333333333 0.390625 
0.16666666666666666 0.08333333333333333 0.0 0.25 0.6666666666666666 0.4166666666666667 0.3333333333333333 0.7916666666666666 0.9166666666666666 0.4166666666666667 0.75 0.625 0.16666666666666666 0.2916666666666667 0.4583333333333333 0.3333333333333333 0.4166666666666667 
0.125 0.16666666666666666 0.0 0.25 1.0 0.5 0.20833333333333334 0.7083333333333334 1.0 0.16666666666666666 0.7916666666666666 0.8333333333333334 0.16666666666666666 0.4583333333333333 0.625 0.875 0.4921875 
0.125 0.08333333333333333 0.0 0.25 0.7916666666666666 0.5 0.375 0.8333333333333334 0.9583333333333334 0.3333333333333333 0.8333333333333334 0.625 0.125 0.2916666666666667 0.4166666666666667 0.2916666666666667 0.4270833333333333 
0.16666666666666666 0.0 0.0 0.25 0.75 0.25 0.375 0.625 1.0 0.041666666666666664 0.7916666666666666 0.5416666666666666 0.25 0.3333333333333333 0.5416666666666666 0.2916666666666667 0.3880208333333333 
0.125 0.08333333333333333 0.0 0.25 0.75 0.2916666666666667 0.3333333333333333 0.625 1.0 0.20833333333333334 0.9166666666666666 0.625 0.16666666666666666 0.3333333333333333 0.4583333333333333 0.25 0.4010416666666667 
0.041666666666666664 0.375 0.0 0.25 0.625 0.5833333333333334 0.125 0.7083333333333334 1.0 0.125 0.7916666666666666 0.7916666666666666 0.25 0.4583333333333333 0.625 0.25 0.4375 
0.125 0.08333333333333333 0.0 0.25 0.75 0.2916666666666667 0.3333333333333333 0.6666666666666666 1.0 0.2916666666666667 0.9166666666666666 0.5 0.16666666666666666 0.375 0.5 0.25 0.40625 
0.0 0.0 0.0 0.25 0.75 0.3333333333333333 0.3333333333333333 0.625 1.0 0.125 0.8333333333333334 0.7083333333333334 0.375 0.5 0.625 0.375 0.4270833333333333 
0.125 0.08333333333333333 0.0 0.25 0.7916666666666666 0.3333333333333333 0.375 0.7916666666666666 1.0 0.375 0.7916666666666666 0.625 0.20833333333333334 0.2916666666666667 0.4166666666666667 0.375 0.4270833333333333 
0.125 0.125 0.0 0.25 0.75 0.375 0.2916666666666667 0.7083333333333334 1.0 0.25 0.9166666666666666 0.5 0.20833333333333334 0.3333333333333333 0.4583333333333333 0.25 0.4088541666666667 
0.0 0.0 0.0 0.25 0.75 0.3333333333333333 0.3333333333333333 0.625 1.0 0.125 0.8333333333333334 0.7083333333333334 0.375 0.5 0.625 0.375 0.4270833333333333 
0.20833333333333334 0.125 0.0 0.4166666666666667 0.7083333333333334 0.7083333333333334 0.25 0.75 1.0 0.20833333333333334 0.75 0.625 0.16666666666666666 0.3333333333333333 0.5833333333333334 0.2916666666666667 0.4453125 
0.041666666666666664 0.0 0.0 0.25 0.75 0.25 0.4166666666666667 0.625 1.0 0.041666666666666664 0.875 0.5416666666666666 0.25 0.3333333333333333 0.7083333333333334 0.2916666666666667 0.3984375 
0.08333333333333333 0.08333333333333333 0.0 0.25 0.7083333333333334 0.375 0.375 0.6666666666666666 1.0 0.25 0.875 0.4583333333333333 0.16666666666666666 0.375 0.5 0.25 0.4010416666666667 
0.041666666666666664 0.08333333333333333 0.0 0.25 0.6666666666666666 0.4583333333333333 0.3333333333333333 0.875 0.9583333333333334 0.3333333333333333 0.7083333333333334 0.9583333333333334 0.20833333333333334 0.2916666666666667 0.4583333333333333 0.4166666666666667 0.4401041666666667 
0.041666666666666664 0.0 0.0 0.25 0.8333333333333334 0.25 0.5 0.5833333333333334 1.0 0.08333333333333333 0.8333333333333334 0.5 0.3333333333333333 0.3333333333333333 0.4583333333333333 0.4583333333333333 0.4036458333333333 
0.08333333333333333 0.125 0.0 0.25 0.625 0.625 0.125 0.7083333333333334 1.0 0.16666666666666666 0.7916666666666666 0.6666666666666666 0.25 0.4583333333333333 0.625 0.3333333333333333 0.4270833333333333 
0.0 0.0 0.0 0.25 0.7083333333333334 0.25 0.4166666666666667 0.7083333333333334 1.0 0.25 0.8333333333333334 0.75 0.25 0.3333333333333333 0.5 0.2916666666666667 0.4088541666666667 
0.0 0.0 0.0 0.25 0.75 0.2916666666666667 0.375 0.625 0.9583333333333334 0.125 0.75 0.6666666666666666 0.2916666666666667 0.4583333333333333 0.625 0.375 0.4088541666666667 
0.0 0.0 0.0 0.25 0.7916666666666666 0.25 0.4166666666666667 0.625 1.0 0.041666666666666664 0.7916666666666666 0.5416666666666666 0.25 0.3333333333333333 0.625 0.2916666666666667 0.3880208333333333 
0.041666666666666664 0.08333333333333333 0.0 0.25 0.6666666666666666 0.25 0.4166666666666667 0.7083333333333334 1.0 0.08333333333333333 0.75 0.75 0.2916666666666667 0.4583333333333333 0.5833333333333334 0.375 0.4192708333333333 
