0.5833333333333334 0.16666666666666666 0.0 0.3333333333333333 0.75 0.6666666666666666 0.75 0.3333333333333333 0.6666666666666666 0.75 0.7916666666666666 0.3333333333333333 0.25 0.125 0.20833333333333334 0.4166666666666667 0.4453125 
0.375 0.4166666666666667 0.0 0.25 0.5833333333333334 0.6666666666666666 0.7083333333333334 0.375 0.5416666666666666 0.7916666666666666 0.8333333333333334 0.3333333333333333 0.16666666666666666 0.16666666666666666 0.25 0.5 0.4348958333333333 
0.3333333333333333 0.5833333333333334 0.041666666666666664 0.25 0.5 0.75 0.75 0.4583333333333333 0.5 0.8333333333333334 0.8333333333333334 0.2916666666666667 0.16666666666666666 0.2916666666666667 0.3333333333333333 0.5 0.4635416666666667 
0.0 0.9583333333333334 0.0 0.25 0.2916666666666667 0.875 0.5833333333333334 0.5 0.6666666666666666 0.7083333333333334 0.875 0.25 0.25 0.041666666666666664 0.4583333333333333 0.4166666666666667 0.4453125 
0.7083333333333334 0.125 0.0 0.25 0.7916666666666666 0.7083333333333334 0.7083333333333334 0.2916666666666667 0.7916666666666666 0.7083333333333334 0.8333333333333334 0.375 0.20833333333333334 0.125 0.20833333333333334 0.375 0.4505208333333333 
0.625 0.20833333333333334 0.125 0.2916666666666667 1.0 0.7083333333333334 0.8333333333333334 0.2916666666666667 1.0 0.875 0.75 0.5833333333333334 0.16666666666666666 0.25 0.041666666666666664 0.4166666666666667 0.5104166666666666 
0.16666666666666666 0.7083333333333334 0.0 0.25 0.4166666666666667 0.875 0.6666666666666666 0.5 0.7083333333333334 0.7083333333333334 0.75 0.25 0.375 0.25 0.4166666666666667 0.4166666666666667 0.4661458333333333 
0.0 0.75 0.5 0.25 0.25 1.0 0.6666666666666666 0.6666666666666666 0.9583333333333334 0.6666666666666666 0.7916666666666666 0.25 0.125 0.041666666666666664 0.625 0.4166666666666667 0.4973958333333333 
0.0 0.7916666666666666 0.125 0.25 0.4166666666666667 0.9166666666666666 0.5 0.5416666666666666 0.9166666666666666 0.7083333333333334 0.6666666666666666 0.25 0.16666666666666666 0.08333333333333333 0.5416666666666666 0.25 0.4453125 
0.041666666666666664 0.9583333333333334 0.0 0.25 0.3333333333333333 0.9583333333333334 0.5833333333333334 0.5416666666666666 0.7083333333333334 0.7916666666666666 0.875 0.25 0.25 0.041666666666666664 0.5833333333333334 0.4583333333333333 0.4765625 
0.2916666666666667 0.5833333333333334 0.0 0.25 0.5 0.75 0.75 0.4583333333333333 0.5 0.8333333333333334 0.8333333333333334 0.2916666666666667 0.20833333333333334 0.25 0.2916666666666667 0.5 0.4557291666666667 
0.2916666666666667 0.5833333333333334 0.0 0.25 0.5 0.75 0.6666666666666666 0.4583333333333333 0.5 0.8333333333333334 0.875 0.2916666666666667 0.20833333333333334 0.20833333333333334 0.3333333333333333 0.4583333333333333 0.4505208333333333 
0.5416666666666666 0.375 0.0 0.25 0.5833333333333334 0.6666666666666666 0.75 0.875 0.625 0.75 0.875 0.6666666666666666 0.16666666666666666 0.16666666666666666 0.20833333333333334 0.4166666666666667 0.4947916666666667 
0.5833333333333334 0.20833333333333334 0.0 0.25 0.7083333333333334 0.6666666666666666 0.875 0.375 0.625 0.75 0.7916666666666666 0.3333333333333333 0.25 0.20833333333333334 0.20833333333333334 0.4166666666666667 0.453125 
0.125 0.7916666666666666 0.2916666666666667 0.25 0.3333333333333333 0.9583333333333334 0.6666666666666666 0.625 0.9166666666666666 0.5833333333333334 0.5833333333333334 0.2916666666666667 0.0 0.125 0.4583333333333333 0.25 0.453125 
0.5833333333333334 0.4583333333333333 0.0 0.2916666666666667 0.75 0.6666666666666666 0.75 0.375 0.7916666666666666 0.625 0.75 0.25 0.16666666666666666 0.0 0.25 0.3333333333333333 0.4401041666666667 
0.25 0.75 0.0 0.25 0.4166666666666667 0.875 0.7916666666666666 0.4583333333333333 0.5833333333333334 0.7083333333333334 0.8333333333333334 0.4166666666666667 0.16666666666666666 0.16666666666666666 0.125 0.4166666666666667 0.4505208333333333 
0.7083333333333334 0.125 0.0 0.25 0.7916666666666666 0.7083333333333334 0.7083333333333334 0.2916666666666667 0.7916666666666666 0.7083333333333334 0.8333333333333334 0.375 0.20833333333333334 0.125 0.20833333333333334 0.375 0.4505208333333333 
