0.0 0.0 0.0 0.25 0.125 0.7083333333333334 0.6666666666666666 0.5 0.16666666666666666 0.875 0.0 0.25 0.16666666666666666 0.20833333333333334 0.08333333333333333 0.25 0.265625 
0.0 0.041666666666666664 0.0 0.25 0.041666666666666664 0.7083333333333334 0.75 0.6666666666666666 0.25 0.875 0.0 0.25 0.08333333333333333 0.08333333333333333 0.0 0.25 0.265625 
0.0 0.041666666666666664 0.0 0.25 0.5833333333333334 0.7083333333333334 0.75 0.625 0.9166666666666666 0.875 0.041666666666666664 0.25 0.25 0.375 0.0 0.25 0.3697916666666667 
0.0 0.0 0.0 0.25 0.0 0.7916666666666666 0.6666666666666666 0.5 0.20833333333333334 0.875 0.0 0.25 0.20833333333333334 0.16666666666666666 0.0 0.25 0.2604166666666667 
0.0 0.0 0.0 0.25 0.0 0.7083333333333334 0.7083333333333334 0.4583333333333333 0.25 0.875 0.041666666666666664 0.25 0.20833333333333334 0.25 0.0 0.25 0.265625 
0.0 0.0 0.0 0.25 0.0 0.7083333333333334 0.6666666666666666 0.5 0.20833333333333334 0.875 0.0 0.25 0.25 0.16666666666666666 0.0 0.25 0.2578125 
0.0 0.0 0.0 0.25 0.0 0.7083333333333334 0.7916666666666666 0.5416666666666666 0.375 0.875 0.0 0.25 0.16666666666666666 0.16666666666666666 0.0 0.25 0.2734375 
0.0 0.041666666666666664 0.0 0.25 0.08333333333333333 0.9166666666666666 0.6666666666666666 0.5416666666666666 0.5 0.5416666666666666 0.0 0.25 0.16666666666666666 0.041666666666666664 0.0 0.25 0.265625 
0.0 0.20833333333333334 0.0 0.25 0.041666666666666664 0.7083333333333334 0.6666666666666666 0.4583333333333333 0.20833333333333334 0.875 0.041666666666666664 0.25 0.16666666666666666 0.16666666666666666 0.0 0.25 0.2682291666666667 
0.0 0.0 0.0 0.25 0.0 0.7083333333333334 0.6666666666666666 0.5 0.16666666666666666 0.875 0.0 0.25 0.20833333333333334 0.25 0.0 0.25 0.2578125 
0.0 0.041666666666666664 0.0 0.25 0.0 0.875 0.625 0.4583333333333333 0.16666666666666666 0.875 0.0 0.25 0.16666666666666666 0.25 0.0 0.25 0.2630208333333333 
0.0 0.0 0.0 0.25 0.041666666666666664 0.7916666666666666 0.6666666666666666 0.625 0.5 0.7916666666666666 0.0 0.25 0.25 0.08333333333333333 0.0 0.25 0.28125 
