0.08333333333333333 0.9166666666666666 0.16666666666666666 0.25 0.7916666666666666 0.7083333333333334 0.7083333333333334 0.5416666666666666 0.875 0.0 0.8333333333333334 0.5416666666666666 0.0 0.16666666666666666 0.5416666666666666 0.25 0.4609375 
0.041666666666666664 0.9166666666666666 0.20833333333333334 0.25 0.625 0.75 0.6666666666666666 0.5833333333333334 0.875 0.041666666666666664 0.7916666666666666 0.625 0.041666666666666664 0.20833333333333334 0.5833333333333334 0.25 0.4661458333333333 
0.041666666666666664 0.9166666666666666 0.125 0.25 0.625 0.75 0.7083333333333334 0.5833333333333334 0.875 0.041666666666666664 0.8333333333333334 0.625 0.08333333333333333 0.125 0.5833333333333334 0.25 0.4635416666666667 
0.2916666666666667 0.9166666666666666 0.0 0.25 0.5416666666666666 0.75 0.8333333333333334 0.7083333333333334 1.0 0.2916666666666667 0.6666666666666666 0.75 0.5416666666666666 0.0 0.375 0.3333333333333333 0.515625 
0.20833333333333334 0.9166666666666666 0.0 0.25 0.875 0.5833333333333334 0.9166666666666666 0.5833333333333334 0.8333333333333334 0.0 0.875 0.4166666666666667 0.25 0.125 0.4583333333333333 0.25 0.4713541666666667 
0.16666666666666666 0.7916666666666666 0.0 0.25 0.7083333333333334 0.75 0.625 0.4166666666666667 0.875 0.0 0.8333333333333334 0.5 0.125 0.16666666666666666 0.5416666666666666 0.25 0.4375 
0.2916666666666667 0.9166666666666666 0.0 0.25 0.75 0.5833333333333334 0.75 0.5416666666666666 0.7916666666666666 0.0 0.875 0.4166666666666667 0.0 0.125 0.4583333333333333 0.4166666666666667 0.4479166666666667 
0.08333333333333333 0.9166666666666666 0.08333333333333333 0.25 0.5 0.7083333333333334 0.75 0.5416666666666666 0.9166666666666666 0.08333333333333333 0.6666666666666666 0.625 0.16666666666666666 0.0 0.5833333333333334 0.3333333333333333 0.4505208333333333 
0.20833333333333334 0.9166666666666666 0.0 0.25 0.5416666666666666 0.8333333333333334 0.8333333333333334 0.75 0.9583333333333334 0.08333333333333333 0.6666666666666666 0.75 0.16666666666666666 0.041666666666666664 0.375 0.3333333333333333 0.4817708333333333 
0.16666666666666666 0.9166666666666666 0.041666666666666664 0.25 0.5 0.7916666666666666 0.7083333333333334 0.75 0.9583333333333334 0.125 0.6666666666666666 0.75 0.4583333333333333 0.0 0.4583333333333333 0.375 0.4947916666666667 
0.08333333333333333 0.9166666666666666 0.041666666666666664 0.2916666666666667 0.7083333333333334 0.75 0.75 0.7916666666666666 0.9166666666666666 0.125 0.5833333333333334 0.75 0.16666666666666666 0.0 0.4583333333333333 0.375 0.4817708333333333 
0.041666666666666664 0.9166666666666666 0.20833333333333334 0.25 0.625 0.75 0.7083333333333334 0.6666666666666666 0.875 0.041666666666666664 0.7916666666666666 0.625 0.16666666666666666 0.125 0.625 0.2916666666666667 0.4817708333333333 
0.20833333333333334 0.9166666666666666 0.08333333333333333 0.25 0.75 0.5833333333333334 0.75 0.5416666666666666 0.7916666666666666 0.0 0.875 0.4583333333333333 0.0 0.125 0.5 0.25 0.4427083333333333 
0.08333333333333333 0.9166666666666666 0.0 0.25 0.5 0.8333333333333334 0.75 0.8333333333333334 0.9166666666666666 0.16666666666666666 0.5833333333333334 0.75 0.16666666666666666 0.0 0.4583333333333333 0.5 0.4817708333333333 
0.2916666666666667 0.75 0.20833333333333334 0.375 0.75 0.6666666666666666 0.75 0.75 1.0 0.08333333333333333 0.7083333333333334 0.625 0.25 0.0 0.4583333333333333 0.4583333333333333 0.5078125 
0.125 0.9166666666666666 0.0 0.25 0.7083333333333334 0.6666666666666666 0.75 0.5416666666666666 0.875 0.0 0.9166666666666666 0.5 0.041666666666666664 0.16666666666666666 0.5 0.25 0.4505208333333333 
