0.041666666666666664 0.0 0.0 0.25 0.5 0.8333333333333334 0.5 0.625 0.9583333333333334 0.625 0.9583333333333334 0.9166666666666666 0.25 0.041666666666666664 0.25 0.5416666666666666 0.4557291666666667 
0.0 0.0 0.0 0.25 0.25 0.875 0.2916666666666667 0.75 0.9166666666666666 0.625 0.875 0.875 0.4166666666666667 0.08333333333333333 0.4166666666666667 0.4166666666666667 0.4401041666666667 
0.375 0.0 0.125 0.3333333333333333 0.8333333333333334 0.625 0.6666666666666666 0.2916666666666667 0.9583333333333334 0.75 0.7916666666666666 0.9583333333333334 0.041666666666666664 0.2916666666666667 0.5416666666666666 0.3333333333333333 0.4947916666666667 
0.08333333333333333 0.0 0.0 0.25 0.5833333333333334 0.875 0.5 0.6666666666666666 1.0 0.75 0.875 0.8333333333333334 0.16666666666666666 0.0 0.375 0.2916666666666667 0.453125 
0.20833333333333334 0.0 0.0 0.25 0.75 0.7083333333333334 0.5 0.5 1.0 0.5416666666666666 0.875 0.9583333333333334 0.08333333333333333 0.08333333333333333 0.5416666666666666 0.2916666666666667 0.4557291666666667 
0.25 0.0 0.0 0.25 0.75 0.625 0.6666666666666666 0.4166666666666667 0.9583333333333334 0.625 0.875 0.9583333333333334 0.16666666666666666 0.0 0.6666666666666666 0.625 0.4895833333333333 
0.16666666666666666 0.0 0.0 0.2916666666666667 0.625 0.7083333333333334 0.7083333333333334 0.4166666666666667 1.0 0.5833333333333334 0.9583333333333334 0.9166666666666666 0.16666666666666666 0.0 0.5833333333333334 0.3333333333333333 0.4661458333333333 
0.5 0.041666666666666664 0.0 0.2916666666666667 0.9166666666666666 0.5416666666666666 0.9583333333333334 0.7916666666666666 1.0 0.5 1.0 1.0 0.0 0.08333333333333333 0.5833333333333334 0.375 0.5364583333333334 
0.20833333333333334 0.0 0.0 0.25 0.75 0.7083333333333334 0.5416666666666666 0.5 1.0 0.5416666666666666 0.875 0.8333333333333334 0.08333333333333333 0.125 0.4583333333333333 0.2916666666666667 0.4479166666666667 
0.08333333333333333 0.0 0.0 0.25 0.5833333333333334 0.7916666666666666 0.5416666666666666 0.5833333333333334 1.0 0.7083333333333334 0.9166666666666666 0.875 0.16666666666666666 0.0 0.5416666666666666 0.2916666666666667 0.4583333333333333 
0.25 0.0 0.0 0.25 0.75 0.75 0.625 0.375 1.0 0.6666666666666666 0.8333333333333334 0.875 0.08333333333333333 0.08333333333333333 0.5 0.2916666666666667 0.4583333333333333 
0.3333333333333333 0.0 0.125 0.25 0.7916666666666666 0.5 0.75 0.2916666666666667 0.9583333333333334 0.625 0.9166666666666666 0.875 0.16666666666666666 0.125 0.625 0.4166666666666667 0.484375 
0.25 0.16666666666666666 0.0 0.25 0.75 0.5416666666666666 0.6666666666666666 0.3333333333333333 0.9583333333333334 0.6666666666666666 0.9166666666666666 0.9166666666666666 0.16666666666666666 0.125 0.625 0.3333333333333333 0.4791666666666667 
0.25 0.0 0.0 0.25 0.7916666666666666 0.5 0.75 0.2916666666666667 0.9583333333333334 0.6666666666666666 0.9166666666666666 0.875 0.20833333333333334 0.125 0.625 0.375 0.4739583333333333 
