0.0 0.0 0.875 0.4583333333333333 0.5 0.75 0.7916666666666666 0.7916666666666666 0.75 0.5 0.5 1.0 0.041666666666666664 0.4166666666666667 0.25 0.375 0.5 
0.0 0.2916666666666667 0.9166666666666666 0.2916666666666667 0.7083333333333334 0.5 0.75 0.7083333333333334 0.6666666666666666 0.7083333333333334 0.5 0.9583333333333334 0.0 0.2916666666666667 0.20833333333333334 0.25 0.484375 
0.0 0.125 0.75 0.5 0.75 0.5833333333333334 0.7916666666666666 0.75 0.8333333333333334 0.375 0.6666666666666666 0.9583333333333334 0.041666666666666664 0.2916666666666667 0.20833333333333334 0.375 0.5 
0.0 0.2916666666666667 0.9166666666666666 0.375 0.7916666666666666 0.625 0.75 0.75 0.6666666666666666 0.5833333333333334 0.5 0.9583333333333334 0.0 0.2916666666666667 0.25 0.2916666666666667 0.5026041666666666 
0.041666666666666664 0.375 0.9166666666666666 0.4166666666666667 0.625 0.5416666666666666 0.5416666666666666 0.9166666666666666 0.4583333333333333 0.75 0.5 0.875 0.0 0.125 0.20833333333333334 0.25 0.4713541666666667 
0.0 0.08333333333333333 0.9166666666666666 0.4166666666666667 0.5416666666666666 0.625 0.7083333333333334 0.7916666666666666 0.5833333333333334 0.625 0.5833333333333334 1.0 0.0 0.2916666666666667 0.25 0.25 0.4791666666666667 
0.0 0.08333333333333333 0.7916666666666666 0.625 0.7083333333333334 0.625 0.7916666666666666 0.75 0.875 0.375 0.625 0.7916666666666666 0.041666666666666664 0.3333333333333333 0.20833333333333334 0.375 0.5 
0.0 0.2916666666666667 0.9166666666666666 0.2916666666666667 0.7916666666666666 0.5 0.75 0.7916666666666666 0.875 0.625 0.5833333333333334 0.9166666666666666 0.20833333333333334 0.2916666666666667 0.2916666666666667 0.25 0.5234375 
0.0 0.375 0.875 0.2916666666666667 0.875 0.5 0.75 0.7083333333333334 0.7083333333333334 0.75 0.5833333333333334 0.9166666666666666 0.041666666666666664 0.2916666666666667 0.16666666666666666 0.25 0.5052083333333334 
0.0 0.041666666666666664 0.7083333333333334 0.625 0.7083333333333334 0.6666666666666666 0.7916666666666666 0.75 0.7916666666666666 0.5416666666666666 0.625 0.7916666666666666 0.041666666666666664 0.3333333333333333 0.25 0.4583333333333333 0.5078125 
0.041666666666666664 0.16666666666666666 0.7916666666666666 0.4166666666666667 0.75 0.5416666666666666 0.9166666666666666 0.5416666666666666 0.8333333333333334 0.2916666666666667 0.625 0.875 0.125 0.3333333333333333 0.16666666666666666 0.25 0.4791666666666667 
0.0 0.2916666666666667 0.9166666666666666 0.2916666666666667 0.625 0.5 0.7916666666666666 0.7083333333333334 0.625 0.5833333333333334 0.5416666666666666 0.9583333333333334 0.0 0.2916666666666667 0.25 0.2916666666666667 0.4791666666666667 
0.0 0.125 0.9166666666666666 0.375 0.7083333333333334 0.5833333333333334 0.7916666666666666 0.75 1.0 0.375 0.5833333333333334 0.9583333333333334 0.4166666666666667 0.3333333333333333 0.25 0.3333333333333333 0.53125 
0.0 0.4166666666666667 0.8333333333333334 0.2916666666666667 0.8333333333333334 0.375 0.7083333333333334 0.7083333333333334 0.7083333333333334 0.5416666666666666 0.6666666666666666 0.875 0.0 0.25 0.16666666666666666 0.25 0.4765625 
0.0 0.0 0.9166666666666666 0.4166666666666667 0.7083333333333334 0.625 0.7916666666666666 0.7083333333333334 0.8333333333333334 0.375 0.5 1.0 0.041666666666666664 0.3333333333333333 0.25 0.375 0.4921875 
0.08333333333333333 0.16666666666666666 0.9583333333333334 0.3333333333333333 0.8333333333333334 0.625 0.75 0.7083333333333334 0.75 0.625 0.5416666666666666 1.0 0.0 0.3333333333333333 0.20833333333333334 0.25 0.5104166666666666 
0.0 0.4583333333333333 0.875 0.2916666666666667 0.8333333333333334 0.375 0.7083333333333334 0.7916666666666666 0.7083333333333334 0.5416666666666666 0.625 0.875 0.0 0.25 0.16666666666666666 0.25 0.484375 
0.0 0.08333333333333333 0.9166666666666666 0.4166666666666667 0.5416666666666666 0.625 0.7083333333333334 0.7916666666666666 0.5833333333333334 0.625 0.5833333333333334 1.0 0.0 0.2916666666666667 0.25 0.25 0.4791666666666667 
