0.0 0.125 0.0 0.2916666666666667 0.75 0.625 0.6666666666666666 0.75 1.0 0.16666666666666666 0.75 0.6666666666666666 0.16666666666666666 0.7083333333333334 0.75 0.2916666666666667 0.4817708333333333 
0.0 0.16666666666666666 0.08333333333333333 0.4166666666666667 0.7083333333333334 0.625 0.7083333333333334 0.8333333333333334 1.0 0.16666666666666666 0.75 0.6666666666666666 0.16666666666666666 0.7916666666666666 0.75 0.25 0.5052083333333334 
0.0 0.08333333333333333 0.0 0.2916666666666667 0.7083333333333334 0.75 0.6666666666666666 0.7083333333333334 1.0 0.125 0.75 0.75 0.20833333333333334 0.7083333333333334 0.8333333333333334 0.2916666666666667 0.4921875 
0.16666666666666666 0.125 0.0 0.25 0.875 0.625 0.6666666666666666 0.75 0.9583333333333334 0.20833333333333334 0.7916666666666666 0.5833333333333334 0.25 0.7083333333333334 0.7083333333333334 0.25 0.4947916666666667 
0.0 0.16666666666666666 0.0 0.25 0.8333333333333334 0.5416666666666666 0.75 0.625 0.875 0.25 0.875 0.4583333333333333 0.20833333333333334 0.8333333333333334 0.6666666666666666 0.25 0.4739583333333333 
0.0 0.0 0.0 0.25 0.5416666666666666 0.75 0.5833333333333334 0.7083333333333334 0.9583333333333334 0.20833333333333334 0.6666666666666666 0.6666666666666666 0.16666666666666666 0.5416666666666666 0.9583333333333334 0.2916666666666667 0.4557291666666667 
0.0 0.16666666666666666 0.0 0.25 0.8333333333333334 0.5833333333333334 0.75 0.7083333333333334 0.9166666666666666 0.20833333333333334 0.8333333333333334 0.5416666666666666 0.16666666666666666 0.7083333333333334 0.75 0.25 0.4791666666666667 
0.0 0.041666666666666664 0.0 0.25 0.5833333333333334 0.75 0.625 0.625 1.0 0.041666666666666664 0.6666666666666666 0.8333333333333334 0.25 0.5 0.9583333333333334 0.4166666666666667 0.4713541666666667 
0.0 0.16666666666666666 0.0 0.25 0.75 0.5833333333333334 0.6666666666666666 0.7083333333333334 0.9166666666666666 0.20833333333333334 0.8333333333333334 0.5416666666666666 0.16666666666666666 0.875 0.7083333333333334 0.625 0.5 
0.0 0.125 0.041666666666666664 0.25 0.75 0.625 0.6666666666666666 0.7083333333333334 0.9583333333333334 0.20833333333333334 0.875 0.625 0.16666666666666666 0.7083333333333334 0.7083333333333334 0.25 0.4791666666666667 
0.0 0.16666666666666666 0.0 0.25 0.75 0.5833333333333334 0.6666666666666666 0.75 0.9166666666666666 0.25 0.8333333333333334 0.625 0.25 0.7083333333333334 0.7083333333333334 0.25 0.4817708333333333 
