0.0 0.0 0.0 0.25 0.75 0.20833333333333334 0.625 0.5833333333333334 0.20833333333333334 0.8333333333333334 0.75 0.25 0.0 0.25 0.125 0.25 0.3177083333333333 
0.125 0.0 0.0 0.25 0.5 0.375 0.4583333333333333 0.75 0.08333333333333333 0.875 0.8333333333333334 0.3333333333333333 0.0 0.3333333333333333 0.20833333333333334 0.25 0.3359375 
0.0 0.0 0.125 0.375 0.5833333333333334 0.375 0.625 0.6666666666666666 0.041666666666666664 0.9166666666666666 0.9166666666666666 0.4166666666666667 0.0 0.125 0.20833333333333334 0.25 0.3515625 
0.0 0.0 0.041666666666666664 0.3333333333333333 0.5 0.4166666666666667 0.5833333333333334 0.6666666666666666 0.041666666666666664 0.8333333333333334 0.9166666666666666 0.3333333333333333 0.0 0.16666666666666666 0.25 0.2916666666666667 0.3359375 
0.0 0.0 0.08333333333333333 0.3333333333333333 0.75 0.4166666666666667 0.7083333333333334 0.5833333333333334 0.041666666666666664 0.7916666666666666 0.9166666666666666 0.2916666666666667 0.0 0.125 0.16666666666666666 0.25 0.3411458333333333 
0.0 0.041666666666666664 0.0 0.25 0.8333333333333334 0.5 0.25 0.9166666666666666 0.3333333333333333 0.875 0.9166666666666666 0.4166666666666667 0.0 0.25 0.2916666666666667 0.25 0.3828125 
0.0 0.0 0.041666666666666664 0.3333333333333333 0.6666666666666666 0.375 0.5833333333333334 0.6666666666666666 0.041666666666666664 0.8333333333333334 0.8333333333333334 0.2916666666666667 0.0 0.125 0.25 0.25 0.3307291666666667 
0.0 0.0 0.08333333333333333 0.3333333333333333 0.7083333333333334 0.2916666666666667 0.75 0.5833333333333334 0.041666666666666664 0.7916666666666666 0.9583333333333334 0.4166666666666667 0.0 0.2916666666666667 0.2916666666666667 0.25 0.3619791666666667 
0.0 0.08333333333333333 0.08333333333333333 0.3333333333333333 0.7916666666666666 0.4166666666666667 0.75 0.5 0.08333333333333333 0.8333333333333334 0.9583333333333334 0.3333333333333333 0.0 0.08333333333333333 0.125 0.25 0.3515625 
0.0 0.0 0.08333333333333333 0.4166666666666667 0.7083333333333334 0.2916666666666667 0.7083333333333334 0.625 0.08333333333333333 0.7916666666666666 0.9166666666666666 0.4166666666666667 0.0 0.041666666666666664 0.2916666666666667 0.25 0.3515625 
0.125 0.0 0.0 0.25 0.7916666666666666 0.25 0.75 0.5416666666666666 0.375 0.9166666666666666 0.5833333333333334 0.25 0.0 0.2916666666666667 0.08333333333333333 0.25 0.3411458333333333 
0.125 0.0 0.0 0.25 0.7916666666666666 0.3333333333333333 0.7916666666666666 0.625 0.16666666666666666 0.8333333333333334 0.75 0.25 0.0 0.25 0.125 0.25 0.3463541666666667 
0.0 0.0 0.08333333333333333 0.4166666666666667 0.6666666666666666 0.2916666666666667 0.7083333333333334 0.5416666666666666 0.08333333333333333 0.7916666666666666 0.9166666666666666 0.375 0.0 0.041666666666666664 0.4166666666666667 0.25 0.3489583333333333 
0.0 0.0 0.0 0.25 0.75 0.20833333333333334 0.7083333333333334 0.625 0.16666666666666666 0.8333333333333334 0.7916666666666666 0.2916666666666667 0.0 0.25 0.125 0.25 0.328125 
0.125 0.0 0.0 0.25 0.8333333333333334 0.2916666666666667 0.6666666666666666 0.625 0.20833333333333334 0.9583333333333334 0.625 0.25 0.041666666666666664 0.2916666666666667 0.08333333333333333 0.25 0.34375 
